0 -0.482713 0
1 -0.504912 0.0221989
2 -0.494386 0.0165855
3 -0.458197 0.0380418
4 -0.395792 0.0690115
5 -0.407472 0.0575454
6 -0.418609 0.0498935
7 -0.42734 0.0440822
8 -0.431788 0.0391306
9 -0.44203 0.0364672
10 -0.431666 0.0345758
11 -0.431669 0.0315632
12 -0.43616 0.0293792
13 -0.435618 0.0272053
14 -0.438245 0.0254626
15 -0.435832 0.0239401
16 -0.431786 0.0228488
17 -0.434403 0.0217003
18 -0.435547 0.0205584
19 -0.433115 0.0196545
20 -0.434039 0.018718
21 -0.436744 0.0180507
22 -0.439713 0.0175017
23 -0.444119 0.0173262
24 -0.447416 0.0169427
25 -0.452616 0.0170883
26 -0.452085 0.0164518
27 -0.453119 0.015887
28 -0.455016 0.0154464
29 -0.455921 0.01495
30 -0.452259 0.0149164
31 -0.455629 0.0148307
32 -0.456921 0.0144323
33 -0.458178 0.0140577
34 -0.459006 0.0136752
35 -0.457893 0.0133364
36 -0.456856 0.0130124
37 -0.458816 0.0128162
38 -0.456838 0.012639
39 -0.457078 0.0123213
40 -0.457646 0.0120305
41 -0.456655 0.0117823
42 -0.457408 0.0115297
43 -0.456485 0.0113023
44 -0.452663 0.0116909
45 -0.45447 0.0115759
46 -0.455143 0.0113469
47 -0.454512 0.0111259
48 -0.452922 0.0110118
49 -0.451665 0.0108623
50 -0.450912 0.0106738
51 -0.450304 0.0104842
52 -0.451965 0.0104177
53 -0.45264 0.0102452
54 -0.452839 0.0100592
55 -0.454342 0.00999151
56 -0.455556 0.00988945
57 -0.456051 0.00973005
58 -0.455844 0.00956595
59 -0.45751 0.00955166
60 -0.458845 0.00948807
61 -0.458211 0.00935529
62 -0.457919 0.00921022
63 -0.456898 0.00912247
64 -0.456116 0.009015
65 -0.456208 0.00887783
66 -0.457468 0.00883468
67 -0.458454 0.00875949
68 -0.46026 0.00881848
69 -0.461423 0.00876904
70 -0.462602 0.00872467
71 -0.462404 0.00860492
72 -0.46028 0.00874802
73 -0.458662 0.00877931
74 -0.458278 0.00866999
75 -0.457412 0.0085988
76 -0.457332 0.00848678
77 -0.457405 0.00837759
78 -0.457009 0.00828033
79 -0.456741 0.00818057
80 -0.456323 0.00808974
81 -0.456181 0.00799173
82 -0.455455 0.00792822
83 -0.457075 0.00799903
84 -0.457027 0.00790451
85 -0.458601 0.00796902
86 -0.458397 0.00787952
87 -0.45969 0.00789609
88 -0.458549 0.0078899
89 -0.45846 0.00780224
90 -0.458506 0.00771616
91 -0.457218 0.00773975
92 -0.457279 0.00765632
93 -0.457908 0.00760045
94 -0.457786 0.00752101
95 -0.45784 0.00744245
96 -0.457711 0.00736645
97 -0.456894 0.00733656
98 -0.45634 0.00728315
99 -0.457043 0.00724409
0 0.414089 0
1 0.000212403 0.413877
2 -0.107777 0.262221
3 -0.197265 0.205883
4 -0.209322 0.159932
5 -0.238594 0.133824
6 -0.289695 0.12411
7 -0.279429 0.107972
8 -0.307198 0.0991889
9 -0.334616 0.0928572
10 -0.355921 0.0866525
11 -0.359852 0.0792001
12 -0.360736 0.0728589
13 -0.371617 0.0683263
14 -0.363349 0.0641434
15 -0.360961 0.0600482
16 -0.365123 0.0565588
17 -0.368689 0.0534432
18 -0.36942 0.0505575
19 -0.338308 0.0571698
20 -0.347302 0.0551181
21 -0.345188 0.0525955
22 -0.34302 0.0503036
23 -0.341149 0.0481983
24 -0.350042 0.0470776
25 -0.353872 0.0453926
26 -0.359924 0.0440963
27 -0.353039 0.0430464
28 -0.35588 0.0416326
29 -0.356961 0.0402354
30 -0.345887 0.0404609
31 -0.346782 0.0391863
32 -0.338408 0.0388925
33 -0.34429 0.038187
34 -0.347705 0.0372369
35 -0.345429 0.0362593
36 -0.351232 0.03574
37 -0.356883 0.0352427
38 -0.35611 0.0343358
39 -0.355701 0.0334689
40 -0.35409 0.0326821
41 -0.35136 0.0320111
42 -0.34429 0.0320473
43 -0.343923 0.0313126
44 -0.346059 0.0306833
45 -0.348617 0.0301177
46 -0.348164 0.0294734
47 -0.339167 0.030223
48 -0.339329 0.0296002
49 -0.341516 0.0290846
50 -0.344909 0.0287097
51 -0.342515 0.0282537
52 -0.347082 0.0280893
53 -0.347315 0.0275652
54 -0.348922 0.027107
55 -0.351604 0.0267533
56 -0.350198 0.0263173
57 -0.352309 0.0259457
58 -0.353561 0.0255328
59 -0.354895 0.0251391
60 -0.358309 0.0249581
61 -0.358219 0.0245525
62 -0.359159 0.0241779
63 -0.360944 0.0238639
64 -0.362997 0.0235834
65 -0.36194 0.0232474
66 -0.360451 0.0229462
67 -0.362344 0.0226854
68 -0.361567 0.0223677
69 -0.363658 0.0221448
70 -0.361827 0.0219074
71 -0.362459 0.0216103
72 -0.35914 0.0215691
73 -0.360562 0.021323
74 -0.363171 0.0211979
75 -0.363988 0.0209331
76 -0.364995 0.020684
77 -0.363897 0.0204466
78 -0.363587 0.0201885
79 -0.360411 0.0201859
80 -0.36109 0.0199467
81 -0.360019 0.0197311
82 -0.360392 0.0194955
83 -0.362272 0.0193535
84 -0.363646 0.0191737
85 -0.365935 0.0190873
86 -0.367127 0.0189042
87 -0.368567 0.0187436
88 -0.369729 0.0185681
89 -0.369703 0.0183607
90 -0.37096 0.0182013
91 -0.372844 0.0181006
92 -0.37325 0.0179095
93 -0.375165 0.0178212
94 -0.374817 0.017636
95 -0.374956 0.0174519
96 -0.37513 0.0172719
97 -0.376625 0.01716
98 -0.377985 0.0170402
99 -0.37962 0.016948
0 -0.457867 0
1 -0.461544 0.00367771
2 -0.481505 0.020073
3 -0.452821 0.0320037
4 -0.451048 0.0248533
5 -0.444188 0.0214206
6 -0.438032 0.0191217
7 -0.449098 0.0199167
8 -0.455604 0.0187309
9 -0.461968 0.0179217
10 -0.466118 0.0167334
11 -0.46694 0.0152976
12 -0.469983 0.0143971
13 -0.465194 0.0141636
14 -0.468497 0.0135931
15 -0.467985 0.0127254
16 -0.470657 0.0122485
17 -0.473072 0.0117979
18 -0.471559 0.0112618
19 -0.472019 0.0106938
20 -0.475114 0.010632
21 -0.477204 0.0103504
22 -0.475783 0.00999164
23 -0.475843 0.00956645
24 -0.476142 0.00918068
25 -0.450766 0.0268649
26 -0.453885 0.0260382
27 -0.453553 0.0250932
28 -0.455124 0.0242634
29 -0.4582 0.0236416
30 -0.459016 0.0228808
31 -0.450108 0.0238779
32 -0.448143 0.0232263
33 -0.445926 0.0226416
34 -0.446111 0.021986
35 -0.44594 0.0213672
36 -0.442595 0.0210492
37 -0.442798 0.0204888
38 -0.443157 0.0199597
39 -0.444873 0.0195298
40 -0.442476 0.0191977
41 -0.443412 0.0187584
42 -0.44342 0.0183169
43 -0.443723 0.0178984
44 -0.442573 0.0175339
45 -0.441522 0.0171806
46 -0.441539 0.0168111
47 -0.443378 0.0165595
48 -0.444355 0.0162475
49 -0.445031 0.0159336
50 -0.445119 0.0156183
51 -0.445045 0.0153152
52 -0.442337 0.0152655
53 -0.444045 0.0150771
54 -0.442268 0.0149067
55 -0.442736 0.0146456
56 -0.443635 0.0144144
57 -0.444173 0.0141739
58 -0.444421 0.0139338
59 -0.445199 0.0137216
60 -0.446633 0.0135709
61 -0.447069 0.0133573
62 -0.44509 0.0132918
63 -0.447361 0.013278
64 -0.446286 0.0131162
65 -0.44629 0.012916
66 -0.446998 0.0127414
67 -0.444978 0.0127141
68 -0.44571 0.0125498
69 -0.444744 0.0124069
70 -0.441396 0.0126808
71 -0.441027 0.0125089
72 -0.440715 0.0123403
73 -0.441136 0.0121797
74 -0.439316 0.0121532
75 -0.439656 0.011997
76 -0.440352 0.0118606
77 -0.440435 0.0117078
78 -0.4418 0.0116389
79 -0.443514 0.0116197
80 -0.442237 0.0115462
81 -0.441778 0.0114137
82 -0.442899 0.011331
83 -0.44208 0.0112252
84 -0.443001 0.0111305
85 -0.443134 0.0110011
86 -0.443168 0.010874
87 -0.442762 0.0107573
88 -0.442699 0.010636
89 -0.44108 0.010641
90 -0.441294 0.0105256
91 -0.441222 0.0104108
92 -0.438708 0.0106005
93 -0.439396 0.0105096
94 -0.439497 0.0103989
95 -0.439763 0.0102934
96 -0.440074 0.0101915
97 -0.44041 0.0100926
98 -0.440857 0.0100001
99 -0.441825 0.00994688
