1 -2293.73 -2293.73 0
2 -2070.27 -2182 79.0046
3 -1826.77 -2063.59 110.098
4 -1671.06 -1965.46 118.494
5 -1620.81 -1896.53 113.08
6 -1378.73 -1810.23 122.827
7 -1222.67 -1726.29 130.855
8 -1076.06 -1645.01 137.442
9 -1027.05 -1576.35 138.262
10 -841.63 -1502.88 142.627
11 -926.804 -1450.51 138.944
12 -979.103 -1411.22 132.802
13 -776.964 -1362.43 131.243
14 -606.174 -1308.42 132.52
15 -537.77 -1257.04 133.273
16 -699.781 -1222.21 129.414
17 -772.732 -1195.77 124.473
18 -733.69 -1170.1 120.176
19 -754.949 -1148.25 115.82
20 -708.424 -1126.26 112.098
21 -569.888 -1099.76 109.846
22 -502.086 -1072.6 108.16
23 -680.247 -1055.54 104.794
24 -765.781 -1043.47 101.121
25 -771.345 -1032.58 97.6602
26 -496.4 -1011.96 96.0567
27 -694.38 -1000.2 93.2164
28 -541.742 -983.823 91.3139
29 -521.727 -967.889 89.5447
30 -466.593 -951.179 88.1052
31 -443.943 -934.816 86.7691
32 -512.158 -921.608 85.0569
33 -667.964 -913.922 82.826
34 -651.764 -906.211 80.748
35 -618.432 -897.989 78.8585
36 -499.832 -886.929 77.4396
37 -320.8 -871.628 76.8434
38 -486.304 -861.488 75.4873
39 -486.783 -851.881 74.1606
40 -297.927 -838.032 73.5883
41 -124.728 -820.634 73.8214
42 87.976 -799 75.1668
43 -212.537 -785.362 74.6458
44 -280.654 -773.891 73.8254
45 -296.512 -763.283 72.9431
46 -406.532 -755.527 71.7685
47 -653.881 -753.365 70.274
48 -614.612 -750.474 68.8694
49 -516.276 -745.694 67.6296
50 -447.451 -739.73 66.5395
51 -606.273 -737.113 65.2863
52 -521.217 -732.961 64.1626
53 -693.485 -732.216 62.9563
54 -801.641 -733.502 61.8036
55 -755.043 -733.893 60.6811
56 -644.569 -732.298 59.6185
57 -511.457 -728.424 58.6983
58 -363.629 -722.134 58.0223
59 -273.072 -714.523 57.5359
60 -350.593 -708.458 56.8958
61 -420.511 -703.737 56.1585
62 -369.103 -698.34 55.5115
63 -375.108 -693.209 54.867
64 -350.255 -687.85 54.2707
65 -499.388 -684.951 53.5132
66 -449.259 -681.38 52.8214
67 -469.916 -678.224 52.1272
68 -583.075 -676.825 51.3794
69 -503.231 -674.309 50.6964
70 -451.663 -671.128 50.0718
71 -424.613 -667.656 49.4868
72 -435.316 -664.429 48.9046
73 -701.568 -664.938 48.2373
74 -555.008 -663.452 47.6083
75 -318.033 -658.847 47.1958
76 -360.633 -654.923 46.7376
77 -284.1 -650.107 46.3781
78 -339.791 -646.129 45.9538
79 -235.558 -640.931 45.6651
80 -318.29 -636.898 45.272
81 -496.257 -635.162 44.7464
82 -552.717 -634.157 44.212
83 -526.589 -632.861 43.6983
84 -532.344 -631.664 43.1944
85 -533.553 -630.51 42.7017
86 -600.203 -630.157 42.2066
87 -438.775 -627.958 41.7788
88 -635.638 -628.045 41.3041
89 -588.921 -627.605 40.8423
90 -570.851 -626.975 40.3934
91 -449.569 -625.025 39.9965
92 -453.905 -623.165 39.605
93 -536.378 -622.232 39.1902
94 -456.383 -620.468 38.8129
95 -287.44 -616.962 38.5624
96 -208.266 -612.705 38.395
97 -342.063 -609.915 38.1004
98 -309.181 -606.846 37.835
99 -356.571 -604.318 37.5372
100 -307.123 -601.346 37.2793
101 -346.48 -598.823 36.9955
102 -339.771 -596.283 36.7198
103 -146.807 -591.919 36.6217
104 -177.984 -587.939 36.4852
105 -262.591 -584.84 36.2691
106 -347.117 -582.598 35.9962
107 -175.649 -578.794 35.8601
108 -112.529 -574.477 35.787
109 -145.692 -570.543 35.6743
110 -223.448 -567.388 35.4892
111 -273.69 -564.742 35.268
112 -324.624 -562.598 35.0182
113 -391.168 -561.081 34.7412
114 -153.941 -557.51 34.6195
115 -146.15 -553.933 34.5028
116 107.532 -548.23 34.6733
117 -117.055 -544.545 34.5723
118 -19.2952 -540.094 34.5647
119 -143.433 -536.76 34.4345
120 -83.4069 -532.983 34.3542
121 -77.4087 -529.217 34.276
122 -103.402 -525.727 34.1723
123 -158.709 -522.743 34.0245
124 -130.784 -519.582 33.8966
125 -24.9758 -515.625 33.8556
126 -178.671 -512.951 33.6924
127 -164.203 -510.205 33.5388
128 -290.081 -508.485 33.3208
129 -241.052 -506.412 33.1269
130 -260.325 -504.519 32.9262
131 -201.663 -502.207 32.7559
132 -265.474 -500.414 32.5568
133 -279.303 -498.752 32.3544
134 -202.611 -496.542 32.1884
135 -209.053 -494.412 32.0203
136 -337.971 -493.262 31.8055
137 -223.047 -491.289 31.6344
138 -446.212 -490.963 31.4069
139 -498.958 -491.02 31.181
140 -436.899 -490.634 30.9607
141 -464.225 -490.446 30.7417
142 -401.173 -489.818 30.5316
143 -192.001 -487.735 30.389
144 -439.802 -487.402 30.1798
145 -342.605 -486.404 29.9882
146 -190.703 -484.378 29.8511
147 -407.63 -483.856 29.6526
148 -516.869 -484.079 29.4531
149 -456.302 -483.893 29.256
150 -331.524 -482.877 29.0786
151 -398.321 -482.317 28.8914
152 -313.889 -481.209 28.7226
153 -168.764 -479.167 28.6074
154 -247.689 -477.664 28.4611
155 -75.0542 -475.066 28.3957
156 -292.142 -473.894 28.2379
157 -314.486 -472.878 28.0763
158 -446.653 -472.712 27.8991
159 -397.211 -472.237 27.7277
160 -487.37 -472.332 27.5545
161 -532.185 -472.704 27.3859
162 -462.306 -472.64 27.2169
163 -456.359 -472.54 27.0501
164 -276.137 -471.342 26.9117
165 -375.315 -470.76 26.7549
166 -327.13 -469.895 26.6077
167 -340.934 -469.123 26.4596
168 -296.904 -468.098 26.3219
169 -377.803 -467.563 26.1716
170 -359.538 -466.928 26.0253
171 -343.707 -466.207 25.8831
172 -350.916 -465.537 25.7413
173 -372.159 -464.997 25.5982
174 -239.341 -463.7 25.4839
175 -225.298 -462.338 25.3747
176 -127.629 -460.436 25.3017
177 -103.075 -458.417 25.2391
178 5.20181 -455.813 25.2314
179 -233.276 -454.569 25.121
180 -212.181 -453.223 25.0175
181 -157.467 -451.589 24.9326
182 -116.576 -449.748 24.8635
183 -144.447 -448.08 24.7835
184 -264.635 -447.083 24.6689
185 -49.6624 -444.935 24.6289
186 -45.8076 -442.789 24.5898
187 -55.5256 -440.718 24.5453
188 -36.2285 -438.566 24.5089
189 -159.591 -437.09 24.4236
190 -154.752 -435.604 24.3402
191 -124.335 -433.975 24.2673
192 -279.335 -433.169 24.1543
193 -172.584 -431.819 24.0668
194 -216.946 -430.711 23.9682
195 -91.0379 -428.969 23.9085
196 18.3567 -426.687 23.8952
197 106.421 -423.981 23.9267
198 107.361 -421.297 23.9559
199 87.6917 -418.74 23.9716
200 54.7366 -416.372 23.9684
201 -104.657 -414.822 23.8993
202 -80.2808 -413.165 23.8383
203 -42.8673 -411.341 23.7905
204 -129.479 -409.96 23.714
205 -6.47897 -407.991 23.6799
206 68.2147 -405.68 23.6775
207 65.3191 -403.404 23.6722
208 -11.702 -401.521 23.6331
209 211.461 -398.588 23.7014
210 190.002 -395.785 23.7536
211 90.2957 -393.482 23.7525
212 -129.788 -392.238 23.673
213 -44.2137 -390.604 23.6182
214 -190.839 -389.67 23.5263
215 -255.907 -389.048 23.4251
216 -105.836 -387.737 23.3533
217 32.2203 -385.802 23.3257
218 -141.831 -384.683 23.2455
219 -268.911 -384.154 23.1454
220 -126.459 -382.983 23.0698
221 70.27 -380.932 23.0564
222 124.24 -378.656 23.0646
223 43.3588 -376.764 23.0387
224 191.01 -374.229 23.0748
225 345.68 -371.03 23.193
226 389.709 -367.663 23.3334
227 501.564 -363.834 23.5427
228 672.47 -359.289 23.8742
229 709.341 -354.623 24.2217
230 562.979 -350.633 24.4427
231 535.965 -346.795 24.6364
232 435.796 -343.422 24.7601
233 510.484 -339.757 24.9236
234 256.102 -337.21 24.9468
235 344.417 -334.31 25.0087
236 606.036 -330.325 25.2181
237 464.753 -326.971 25.3339
238 677.019 -322.752 25.5763
239 775.511 -318.157 25.8788
240 577.95 -314.423 26.0389
241 462.674 -311.199 26.1297
242 339.457 -308.51 26.1597
243 449.895 -305.389 26.2376
244 418.417 -302.423 26.2972
245 301.652 -299.957 26.3052
246 399.821 -297.112 26.3516
247 314.698 -294.635 26.3611
248 295.179 -292.257 26.3619
249 339.921 -289.718 26.378
250 407.437 -286.93 26.4195
251 425.546 -284.091 26.4662
252 321.986 -281.686 26.4703
253 87.7083 -280.226 26.4059
254 29.3649 -279.007 26.33
255 48.0055 -277.725 26.258
256 119.487 -276.173 26.2012
257 106.865 -274.683 26.1416
258 246.327 -272.663 26.1182
259 108.573 -271.191 26.0588
260 66.9784 -269.891 25.991
261 99.5065 -268.475 25.9299
262 -81.2596 -267.761 25.8408
263 38.2679 -266.597 25.7687
264 47.6141 -265.407 25.6986
265 220.15 -263.575 25.6669
266 123.135 -262.121 25.6115
267 34.4441 -261.01 25.5397
268 77.7314 -259.746 25.4756
269 52.5227 -258.585 25.4074
270 109.259 -257.223 25.3497
271 135.709 -255.773 25.2976
272 176.319 -254.184 25.2545
273 26.8006 -253.155 25.1829
274 -85.0356 -252.542 25.0985
275 30.5526 -251.512 25.0283
276 172.525 -249.976 24.9847
277 186.247 -248.401 24.9441
278 90.4784 -247.182 24.8842
279 205.914 -245.558 24.8479
280 99.2007 -244.327 24.7897
281 103.232 -243.09 24.7323
282 103.129 -241.862 24.675
283 250.323 -240.123 24.6491
284 256.822 -238.373 24.6243
285 249.437 -236.662 24.5973
286 291.177 -234.816 24.5804
287 178.934 -233.374 24.537
288 265.53 -231.642 24.5129
289 140.285 -230.355 24.4619
290 103.682 -229.203 24.4046
291 -9.64933 -228.449 24.3324
292 126.284 -227.234 24.2794
293 169.451 -225.88 24.2342
294 112.305 -224.73 24.1791
295 168.239 -223.398 24.1338
296 129.22 -222.206 24.0816
297 120.653 -221.052 24.0282
298 33.8157 -220.197 23.9628
299 -63.2459 -219.672 23.8884
300 71.9949 -218.7 23.8285
301 181.83 -217.369 23.7865
302 353.38 -215.479 23.7827
303 125.796 -214.353 23.7309
304 74.787 -213.402 23.6719
305 266.586 -211.828 23.6465
306 318.23 -210.096 23.6326
307 299.375 -208.436 23.6138
308 171.883 -207.201 23.5694
309 70.3255 -206.303 23.5102
310 290.119 -204.702 23.4889
311 182.273 -203.457 23.4463
312 126.824 -202.399 23.395
313 129.766 -201.338 23.3443
314 98.5097 -200.383 23.2895
315 116.967 -199.375 23.2373
316 161.766 -198.232 23.1919
317 184.313 -197.026 23.1501
318 15.8291 -196.356 23.087
319 -183.711 -196.317 23.0146
320 -169.383 -196.232 22.9429
321 -80.6054 -195.872 22.8742
322 33.3731 -195.16 22.8143
323 -46.8034 -194.701 22.7483
324 -1.12294 -194.104 22.6859
325 -93.9961 -193.796 22.6182
326 -65.5766 -193.402 22.5522
327 -47.3493 -192.956 22.4877
328 20.5267 -192.305 22.4285
329 -61.3983 -191.907 22.3639
330 -188.965 -191.898 22.2961
331 -48.8373 -191.466 22.233
332 -61.7887 -191.075 22.1694
333 -125.497 -190.878 22.1037
334 -76.0229 -190.534 22.0402
335 -106.762 -190.284 21.9758
336 53.8513 -189.558 21.9224
337 -88.1039 -189.257 21.8595
338 -72.1322 -188.91 21.7975
339 43.4717 -188.225 21.744
340 110.041 -187.347 21.6977
341 113.235 -186.466 21.652
342 378.92 -184.813 21.6517
343 357.276 -183.232 21.6462
344 107.223 -182.388 21.5997
345 52.5711 -181.707 21.5479
346 156.386 -180.73 21.5077
347 159.388 -179.75 21.4681
348 310.038 -178.342 21.4525
349 339.747 -176.858 21.4423
350 366.229 -175.306 21.4371
351 339.4 -173.84 21.4261
352 300.581 -172.492 21.4076
353 359.038 -170.986 21.3999
354 396.787 -169.382 21.3994
355 438.244 -167.67 21.4075
356 389.05 -166.107 21.4044
357 319.941 -164.745 21.3877
358 478.129 -162.949 21.4032
359 517.927 -161.053 21.4275
360 476.989 -159.281 21.4411
361 467.25 -157.545 21.4518
362 615.152 -155.41 21.4985
363 435.253 -153.783 21.5008
364 441.937 -152.147 21.5039
365 439.72 -150.525 21.506
366 751.101 -148.062 21.5879
367 695.584 -145.763 21.6511
368 549.557 -143.873 21.6746
369 513.608 -142.092 21.689
370 479.754 -140.411 21.6954
371 458.939 -138.796 21.6969
372 518.277 -137.029 21.7104
373 471.764 -135.397 21.7135
374 542.11 -133.586 21.7308
375 667.525 -131.449 21.7776
376 512.74 -129.736 21.787
377 406.788 -128.313 21.7757
378 327.136 -127.108 21.7514
379 273.208 -126.052 21.7196
380 374.077 -124.736 21.7023
381 536.006 -123.001 21.7145
382 472.263 -121.443 21.7135
383 271.466 -120.417 21.681
384 389.792 -119.088 21.6652
385 340.694 -117.894 21.6418
386 497.515 -116.3 21.6444
387 338.621 -115.124 21.6204
388 293.905 -114.07 21.5904
389 475.698 -112.554 21.588
390 578.319 -110.783 21.6052
391 517.319 -109.176 21.6096
392 349.967 -108.005 21.5862
393 294.105 -106.982 21.5555
394 352.959 -105.814 21.5324
395 281.568 -104.834 21.5002
396 400.714 -103.557 21.4838
397 274.795 -102.604 21.4508
398 282.37 -101.637 21.4187
399 256.927 -100.738 21.3838
400 228.313 -99.9155 21.3462
401 106.999 -99.3995 21.2992
402 75.8492 -98.9636 21.2507
403 216.83 -98.1799 21.2124
404 232.297 -97.3619 21.1757
405 257.246 -96.4864 21.1415
406 268.333 -95.5878 21.1085
407 446.044 -94.257 21.0985
408 465.86 -92.8842 21.0914
409 328.853 -91.853 21.0651
410 303.409 -90.889 21.0357
411 340.828 -89.8386 21.0108
412 94.7349 -89.3906 20.9645
413 88.2443 -88.9605 20.9182
414 78.3234 -88.5564 20.8716
415 170.481 -87.9322 20.8306
416 210.783 -87.2141 20.7929
417 249.616 -86.4064 20.7587
418 231.1 -85.6468 20.7229
419 254.656 -84.8346 20.6894
420 248.667 -84.0406 20.6554
421 309.476 -83.1059 20.6274
422 318.374 -82.1545 20.6005
423 322.117 -81.1988 20.5739
424 217.095 -80.4952 20.5374
425 272.668 -79.6643 20.5059
426 89.7663 -79.2665 20.4617
427 265.203 -78.4598 20.4296
428 158.462 -77.9063 20.3894
429 211.651 -77.2313 20.353
430 117.89 -76.7775 20.3108
431 61.9207 -76.4557 20.2662
432 263.134 -75.6696 20.2345
433 224.107 -74.9773 20.1996
434 362.302 -73.9698 20.1782
435 343.97 -73.009 20.1547
436 301.085 -72.151 20.1267
437 242.333 -71.4313 20.0935
438 26.6621 -71.2074 20.0489
439 74.7076 -70.875 20.006
440 46.1007 -70.6091 19.9623
441 143.498 -70.1236 19.9229
442 134.888 -69.6598 19.8832
443 43.2458 -69.4049 19.84
444 -124.459 -69.5289 19.7957
445 -222.51 -69.8727 19.7542
446 -87.0441 -69.9112 19.7099
447 -31.5141 -69.8253 19.666
448 153.61 -69.3266 19.6284
449 50.0664 -69.0607 19.5865
450 276.927 -68.2918 19.5581
451 249.012 -67.5882 19.5274
452 105.12 -67.2061 19.4879
453 156.175 -66.713 19.4511
454 64.2129 -66.4246 19.4104
455 -18.2097 -66.3187 19.368
456 77.1677 -66.004 19.3281
457 -27.8426 -65.9205 19.286
458 126.805 -65.4997 19.2485
459 147.097 -65.0365 19.2121
460 69.3609 -64.7444 19.1726
461 64.2897 -64.4645 19.133
462 195.73 -63.9013 19.0999
463 255.351 -63.2117 19.0711
464 188.849 -62.6685 19.0377
465 75.1859 -62.3721 18.9991
466 159.509 -61.8959 18.9643
467 111.617 -61.5244 18.9273
468 5.7958 -61.3805 18.8874
469 36.7893 -61.1712 18.8483
470 149.258 -60.7235 18.8135
471 201.278 -60.1672 18.7818
472 319 -59.3639 18.7592
473 478.52 -58.2267 18.754
474 175.014 -57.7346 18.7209
475 49.9085 -57.508 18.6828
476 189.419 -56.9893 18.6508
477 176.479 -56.4998 18.6181
478 202.361 -55.9583 18.587
479 351.834 -55.1069 18.5677
480 331.196 -54.3021 18.5464
481 445.216 -53.2636 18.5369
482 438.574 -52.2432 18.5265
483 349.365 -51.4117 18.5068
484 395.758 -50.4878 18.4916
485 233.037 -49.9033 18.4628
486 110.943 -49.5723 18.4277
487 166.272 -49.1291 18.3952
488 88.5693 -48.8469 18.3597
489 84.7136 -48.5738 18.3242
490 97.575 -48.2755 18.2892
491 159.807 -47.8517 18.2569
492 69.761 -47.6127 18.2213
493 157.524 -47.1966 18.1891
494 262.811 -46.569 18.1631
495 209.93 -46.0509 18.1338
496 198.594 -45.5576 18.104
497 175.779 -45.1123 18.073
498 328.222 -44.3626 18.0523
499 160.179 -43.9527 18.0207
500 152.175 -43.5604 17.989
501 188.796 -43.0967 17.959
502 151.919 -42.7082 17.9275
503 169.275 -42.2867 17.8968
504 95.1978 -42.014 17.8633
505 239.275 -41.4569 17.8367
506 130.319 -41.1175 17.8046
507 224.83 -40.5929 17.7772
508 166.761 -40.1847 17.7469
509 370.392 -39.3781 17.7304
510 393.081 -38.5302 17.7159
511 88.2198 -38.2821 17.683
512 213.126 -37.7911 17.6552
513 161.263 -37.4031 17.6251
514 -38.4388 -37.4051 17.5908
515 22.8391 -37.2881 17.557
516 -14.3131 -37.2436 17.5231
517 -22.2522 -37.2146 17.4892
518 143.237 -36.8662 17.4589
519 19.4263 -36.7577 17.4256
520 84.3536 -36.5248 17.3936
521 237.202 -35.9995 17.3682
522 160.069 -35.6238 17.339
523 338.912 -34.9077 17.3206
524 368.036 -34.1387 17.3046
525 314.162 -33.4753 17.2844
526 429.289 -32.5955 17.2739
527 501.172 -31.5827 17.2708
528 595.704 -30.3946 17.2789
529 491.129 -29.4088 17.2743
530 399.795 -28.599 17.2607
531 425.098 -27.7445 17.2493
532 269.937 -27.185 17.226
533 319.245 -26.535 17.2059
534 273.621 -25.9729 17.1829
535 64.6152 -25.8036 17.1516
536 460.895 -24.8956 17.1436
537 414.767 -24.0769 17.1312
538 229.385 -23.6057 17.1058
539 427.033 -22.7697 17.0945
540 541.644 -21.7245 17.0948
541 487.327 -20.7835 17.0891
542 428.443 -19.9547 17.0776
543 532.54 -18.9372 17.0765
544 528.94 -17.9301 17.0748
545 556.356 -16.8763 17.0759
546 298.708 -16.2983 17.0544
547 209.446 -15.8856 17.0282
548 120.287 -15.6372 16.999
549 235.638 -15.1795 16.9742
550 342.655 -14.5288 16.9558
551 354.068 -13.8599 16.9382
552 262.187 -13.3598 16.9149
553 563.554 -12.3166 16.9164
554 436.46 -11.5065 16.9053
555 289.765 -10.9637 16.8835
556 143.588 -10.6857 16.8555
557 234.348 -10.2458 16.8309
558 265.871 -9.75094 16.808
559 315.01 -9.16997 16.788
560 307.007 -8.60537 16.7675
561 402.534 -7.8725 16.7536
562 414.474 -7.121 16.7407
563 399.753 -6.39831 16.7265
564 368.449 -5.73368 16.7101
565 359.694 -5.08691 16.693
566 498.804 -4.19664 16.6872
567 446.064 -3.40253 16.6767
568 377.544 -2.73185 16.6608
569 409.686 -2.00704 16.6473
570 336.282 -1.41355 16.6287
571 333.639 -0.826769 16.6099
572 458.209 -0.0242584 16.6002
573 376.304 0.63251 16.5842
574 388.947 1.30902 16.5691
575 460.549 2.10769 16.5596
576 579.793 3.11062 16.5612
577 511.013 3.99087 16.5558
578 553.136 4.94094 16.5544
579 504.666 5.80403 16.5483
580 517.285 6.68589 16.5433
581 380.586 7.32944 16.5273
582 240.289 7.72971 16.5038
583 209.252 8.07538 16.4791
584 153.541 8.32446 16.4527
585 185.552 8.62742 16.4274
586 159.972 8.88568 16.4014
587 52.8544 8.96059 16.3736
588 4.72765 8.95339 16.3458
589 42.2073 9.00985 16.3181
590 265.144 9.44397 16.2962
591 341.806 10.0063 16.2784
592 359.737 10.5971 16.2616
593 378.671 11.2178 16.246
594 338.847 11.7694 16.228
595 498.794 12.5879 16.2214
596 448.371 13.3191 16.2106
597 427.671 14.0131 16.1983
598 328.833 14.5396 16.1798
599 117.968 14.7123 16.1537
600 25.0664 14.7295 16.1268
601 127.705 14.9175 16.1011
602 266.125 15.3348 16.0797
603 256.143 15.7341 16.058
604 229.35 16.0878 16.0353
605 363.223 16.6616 16.0191
606 364.165 17.235 16.0029
607 480.577 17.9983 15.9947
608 517.106 18.8192 15.9895
609 475.217 19.5687 15.9808
610 365.758 20.1362 15.9646
611 255.559 20.5215 15.9432
612 235.32 20.8725 15.921
613 181.259 21.1341 15.8972
614 297.27 21.5839 15.8776
615 177.41 21.8372 15.8538
616 358.503 22.3838 15.8375
617 297.693 22.83 15.8181
618 414.473 23.4637 15.8052
619 556.966 24.3256 15.8032
620 513.237 25.1141 15.7973
621 452.642 25.8026 15.7869
622 449.463 26.4837 15.7762
623 377.55 27.0472 15.7609
624 409.324 27.6598 15.7476
625 382.872 28.2282 15.7326
626 458.278 28.9152 15.7225
627 389.685 29.4906 15.708
628 357.46 30.0128 15.6916
629 275.182 30.4026 15.6715
630 251.072 30.7528 15.6506
631 455.651 31.4262 15.6402
632 542.531 32.2349 15.6364
633 593.587 33.1217 15.6368
634 636.406 34.0733 15.6411
635 544.574 34.8772 15.6371
636 658.152 35.8572 15.6432
637 592.153 36.7305 15.643
638 555.999 37.5444 15.6396
639 439.931 38.1741 15.6278
640 466.828 38.8439 15.6177
641 568.672 39.6705 15.6152
642 578.62 40.51 15.6135
643 489.685 41.2085 15.6048
644 648.834 42.152 15.6091
645 682.254 43.1445 15.6164
646 488.834 43.8344 15.6074
647 195.713 44.0691 15.5851
648 109.966 44.1708 15.5614
649 173.579 44.3702 15.5387
650 437.041 44.9743 15.5265
651 553.844 45.756 15.5223
652 576.217 46.5696 15.5198
653 591.99 47.4048 15.5185
654 530.743 48.1439 15.5124
655 737.694 49.1966 15.5244
656 655.745 50.1212 15.5282
657 530.395 50.8523 15.5218
658 649.092 51.7614 15.5248
659 603.99 52.5994 15.5238
660 511.041 53.294 15.5158
661 518.686 53.9981 15.5083
662 276.922 54.3348 15.4886
663 479.515 54.9761 15.4785
664 392.994 55.4852 15.4635
665 442.411 56.067 15.4512
666 467.888 56.6854 15.4404
667 693.211 57.6397 15.4467
668 852.839 58.8301 15.4694
669 796.29 59.9325 15.4855
670 595.202 60.7314 15.483
671 565.434 61.4835 15.4781
672 427.805 62.0287 15.4647
673 426.548 62.5703 15.4512
674 241.295 62.8355 15.4306
675 222.006 63.0713 15.4095
676 182.234 63.2475 15.3877
677 324.073 63.6328 15.3698
678 262.769 63.9265 15.3499
679 254.32 64.2069 15.3299
680 209.198 64.4201 15.3088
681 127.233 64.5124 15.2866
682 423.87 65.0393 15.2733
683 252.198 65.3133 15.2534
684 189.687 65.4952 15.2322
685 95.562 65.539 15.21
686 136.906 65.6431 15.1882
687 315.826 66.0072 15.1704
688 295.393 66.3407 15.1521
689 166.254 66.4857 15.1308
690 206.181 66.6881 15.1102
691 269.533 66.9817 15.0912
692 101.725 67.0319 15.0694
693 12.9736 66.9539 15.0479
694 169.129 67.1011 15.0269
695 205.555 67.3003 15.0066
696 277.398 67.6022 14.9881
697 368.022 68.0332 14.9728
698 443.988 68.5718 14.961
699 490.231 69.1751 14.9518
700 453.365 69.7239 14.9405
701 289.994 70.0381 14.9225
702 341.811 70.4253 14.9063
703 424.652 70.9291 14.8936
704 442.379 71.4568 14.8818
705 395.928 71.917 14.8678
706 350.5 72.3116 14.8519
707 314.046 72.6535 14.8349
708 443.99 73.178 14.8232
709 449.123 73.7083 14.8118
710 428.282 74.2077 14.7993
711 703.581 75.0928 14.8049
712 757.466 76.0512 14.8151
713 742.441 76.9859 14.8238
714 681.593 77.8327 14.8272
715 802.832 78.8466 14.8411
716 757.856 79.795 14.8506
717 646.002 80.5847 14.8509
718 550.657 81.2394 14.8447
719 517.179 81.8457 14.8364
720 664.412 82.6548 14.8378
721 650.712 83.4427 14.8382
722 653.469 84.2322 14.8386
723 569.13 84.9029 14.8332
724 450.224 85.4074 14.8213
725 474.436 85.944 14.8106
726 637.669 86.704 14.8097
727 608.339 87.4215 14.8067
728 656.84 88.2037 14.807
729 779.726 89.1523 14.817
730 834.417 90.1732 14.8318
731 884.671 91.26 14.8513
732 944.827 92.4261 14.8767
733 989.95 93.6506 14.9067
734 773.553 94.5769 14.9152
735 749.232 95.4675 14.9215
736 719.502 96.3154 14.9253
737 708.956 97.1467 14.9281
738 793.04 98.0896 14.9377
739 924.187 99.2075 14.9592
740 897.14 100.286 14.9778
741 764.106 101.182 14.9844
742 716.37 102.011 14.9871
743 439.32 102.465 14.9738
744 435.849 102.913 14.9604
745 446.312 103.374 14.9474
746 80.7953 103.343 14.9274
747 127.174 103.375 14.9074
748 193.03 103.495 14.888
749 116.273 103.512 14.8681
750 82.0954 103.484 14.8483
751 42.3893 103.402 14.8288
752 81.1797 103.373 14.8091
753 283.007 103.611 14.7913
754 343.087 103.929 14.7751
755 310.498 104.203 14.7581
756 150.674 104.264 14.7387
757 139.635 104.311 14.7193
758 103.833 104.31 14.6999
759 174.51 104.403 14.6808
760 164.422 104.482 14.6617
761 247.493 104.67 14.6436
762 234.901 104.84 14.6254
763 331.811 105.138 14.6093
764 246.356 105.323 14.5913
765 442.335 105.763 14.5789
766 251.328 105.953 14.5611
767 304.458 106.212 14.5444
768 347.813 106.527 14.5289
769 363.814 106.861 14.5139
770 520.813 107.399 14.505
771 414.308 107.797 14.4916
772 333.926 108.09 14.4758
773 357.924 108.413 14.4607
774 283.758 108.64 14.4438
775 427.27 109.051 14.431
776 427.114 109.461 14.4182
777 277.619 109.677 14.4013
778 208.683 109.804 14.3833
779 60.0366 109.74 14.365
780 115.036 109.747 14.3466
781 90.8526 109.723 14.3282
782 121.254 109.738 14.3099
783 341.111 110.033 14.2947
784 290.891 110.264 14.2783
785 191.67 110.368 14.2605
786 180.194 110.456 14.2426
787 225.926 110.603 14.2253
788 292.588 110.834 14.2091
789 303.273 111.078 14.1932
790 261.166 111.268 14.1765
791 264.509 111.462 14.1599
792 255.598 111.644 14.1432
793 204.026 111.76 14.1258
794 293.139 111.989 14.1099
795 120.412 111.999 14.0922
796 112.999 112.001 14.0745
797 125.125 112.017 14.0568
798 213.454 112.144 14.0398
799 192.798 112.245 14.0226
800 118.942 112.253 14.005
801 154.731 112.306 13.9876
802 140.588 112.342 13.9703
803 222.095 112.478 13.9535
804 415.152 112.855 13.9412
805 210.209 112.976 13.9245
806 85.382 112.942 13.9072
807 135.144 112.969 13.89
808 -17.7504 112.807 13.8738
809 93.0723 112.783 13.8566
810 46.6295 112.701 13.8398
811 -4.75423 112.556 13.8235
812 -9.10229 112.407 13.8073
813 -228.025 111.988 13.7966
814 -291.552 111.492 13.7886
815 -248.115 111.051 13.7787
816 -142.396 110.74 13.7653
817 -163.701 110.404 13.7526
818 -287.858 109.917 13.7444
819 -199.35 109.54 13.7328
820 -78.2727 109.311 13.7179
821 -79.6945 109.081 13.7032
822 56.0081 109.016 13.6866
823 29.9347 108.92 13.6704
824 266.625 109.111 13.6551
825 359.001 109.414 13.6419
826 214.691 109.542 13.626
827 218.524 109.673 13.6102
828 138.236 109.708 13.5938
829 190.413 109.805 13.5777
830 139.798 109.841 13.5614
831 72.6588 109.797 13.5452
832 30.5587 109.701 13.5292
833 103.799 109.694 13.513
834 39.3363 109.61 13.497
835 184.996 109.7 13.4812
836 25.9679 109.6 13.4654
837 93.6025 109.581 13.4493
838 178.242 109.663 13.4335
839 167.818 109.732 13.4177
840 105.362 109.727 13.4017
841 17.321 109.617 13.3862
842 66.3415 109.566 13.3705
843 82.5043 109.534 13.3546
844 131.832 109.56 13.3388
845 175.311 109.638 13.3233
846 110.164 109.639 13.3075
847 53.4013 109.572 13.292
848 40.4583 109.491 13.2766
849 3.99137 109.366 13.2615
850 -20.4333 109.214 13.2468
851 163.164 109.277 13.2314
852 306.527 109.509 13.2179
853 360.21 109.803 13.2056
854 278.536 110 13.1916
855 329.498 110.257 13.1787
856 450.556 110.654 13.1693
857 383.494 110.973 13.1578
858 380.408 111.287 13.1462
859 283.535 111.487 13.1324
860 303.206 111.71 13.119
861 215.389 111.831 13.1044
862 255.356 111.997 13.0902
863 286.45 112.199 13.0766
864 227.611 112.333 13.0622
865 231.484 112.471 13.0478
866 328.011 112.72 13.0351
867 195.978 112.816 13.0204
868 87.8845 112.787 13.0054
869 82.0235 112.751 12.9905
870 -85.5925 112.523 12.9776
871 -53.313 112.333 12.9641
872 68.709 112.283 12.9493
873 70.1259 112.235 12.9346
874 -11.3138 112.093 12.9206
875 69.3928 112.045 12.9059
876 113.778 112.047 12.8911
877 224.506 112.175 12.8771
878 428.815 112.535 12.8675
879 288.781 112.736 12.8544
880 180.772 112.813 12.84
881 70.6798 112.765 12.8255
882 125.118 112.779 12.811
883 258.203 112.944 12.7975
884 305.705 113.162 12.7849
885 410.331 113.498 12.7749
886 527.046 113.965 12.769
887 426.718 114.317 12.7595
888 242.219 114.461 12.7459
889 341.103 114.716 12.7341
890 433.4 115.074 12.7248
891 302.683 115.285 12.7123
892 440.702 115.65 12.7033
893 783.867 116.398 12.7111
894 529.07 116.86 12.7052
895 629.328 117.432 12.7039
896 458.396 117.813 12.6955
897 402.469 118.13 12.6853
898 439.547 118.488 12.6762
899 311.895 118.703 12.6639
900 163.604 118.753 12.65
901 140.008 118.777 12.6359
902 136.526 118.796 12.6219
903 51.79 118.722 12.6082
904 263.246 118.882 12.5952
905 164.535 118.932 12.5814
906 77.5828 118.887 12.5676
907 163.755 118.936 12.5539
908 299.681 119.135 12.5416
909 231.202 119.259 12.5284
910 255.814 119.409 12.5156
911 193.736 119.49 12.5021
912 154.151 119.528 12.4884
913 277.944 119.702 12.476
914 298.176 119.897 12.4638
915 208.426 119.994 12.4506
916 57.7891 119.926 12.4372
917 122.889 119.929 12.4236
918 230.619 120.05 12.4107
919 302.728 120.248 12.3988
920 329.161 120.476 12.3874
921 217.634 120.581 12.3744
922 122.334 120.583 12.3609
923 233.856 120.706 12.3482
924 172.909 120.762 12.3349
925 232.054 120.882 12.3222
926 290 121.065 12.3102
927 336.584 121.298 12.2991
928 462.927 121.666 12.2914
929 348.261 121.91 12.2806
930 456.741 122.27 12.2727
931 242.749 122.399 12.2602
932 389.974 122.686 12.2504
933 189.59 122.758 12.2374
934 154.129 122.791 12.2244
935 218.145 122.893 12.2117
936 269.656 123.05 12.1997
937 259.694 123.196 12.1875
938 348.79 123.437 12.1769
939 467.964 123.803 12.1695
940 409.412 124.107 12.1603
941 429.547 124.432 12.1517
942 313.033 124.632 12.1405
943 311.758 124.831 12.1292
944 361.081 125.081 12.119
945 326.175 125.294 12.108
946 377.969 125.561 12.0982
947 398.684 125.849 12.0888
948 247.499 125.977 12.0768
949 152.457 126.005 12.0641
950 118.82 125.998 12.0514
951 100.534 125.971 12.0387
952 95.7986 125.939 12.0261
953 17.1246 125.825 12.014
954 96.7009 125.795 12.0015
955 146.139 125.816 11.9889
956 90.5005 125.779 11.9765
957 267.141 125.927 11.9648
958 296.791 126.105 11.9537
959 423.842 126.416 11.9453
960 428.776 126.73 11.937
961 276.167 126.886 11.9256
962 276.282 127.041 11.9142
963 206.955 127.124 11.9021
964 339.318 127.344 11.8918
965 209.383 127.429 11.8798
966 347.105 127.657 11.8696
967 196.303 127.728 11.8576
968 306.124 127.912 11.8468
969 76.6943 127.859 11.8346
970 -23.6446 127.703 11.8235
971 -4.24833 127.567 11.8121
972 -7.42993 127.428 11.8007
973 136.684 127.438 11.7886
974 122.484 127.433 11.7765
975 143.869 127.45 11.7645
976 159.35 127.482 11.7524
977 188.617 127.545 11.7406
978 250.642 127.671 11.7293
979 234.497 127.78 11.7178
980 40.9052 127.691 11.7062
981 81.2985 127.644 11.6943
982 79.4754 127.595 11.6825
983 298.149 127.768 11.6719
984 120.812 127.761 11.6601
985 254.854 127.89 11.6489
986 205.623 127.969 11.6374
987 288.384 128.132 11.6267
988 367.402 128.374 11.6175
989 380.199 128.628 11.6085
990 377.687 128.88 11.5995
991 406.503 129.16 11.5912
992 298.934 129.331 11.5808
993 496.49 129.701 11.575
994 668.087 130.243 11.576
995 420.2 130.534 11.5681
996 570.329 130.976 11.5649
997 503.88 131.35 11.5593
998 348.867 131.568 11.5498
999 284.356 131.721 11.5393
1000 419.169 132.008 11.5313
1001 381.989 132.258 11.5225
1002 283.195 132.408 11.512
1003 216.102 132.492 11.5008
1004 363.973 132.722 11.4916
1005 168.642 132.758 11.4803
1006 217.201 132.842 11.4692
1007 55.0311 132.765 11.458
1008 -7.77602 132.625 11.4475
1009 -46.4182 132.448 11.4375
1010 85.0572 132.401 11.4263
1011 -52.7938 132.218 11.4165
1012 -194.434 131.895 11.4098
1013 -176.461 131.591 11.4026
1014 -77.5721 131.384 11.3932
1015 -62.388 131.193 11.3836
1016 70.6215 131.134 11.3725
1017 113.203 131.116 11.3613
1018 166.36 131.151 11.3502
1019 139.201 131.159 11.3391
1020 33.9269 131.063 11.3284
1021 123.444 131.056 11.3173
1022 31.936 130.959 11.3066
1023 306.661 131.131 11.2969
1024 221.26 131.219 11.2862
1025 376.654 131.458 11.2777
1026 396.46 131.716 11.2697
1027 299.842 131.88 11.2599
1028 347.435 132.09 11.2509
1029 268.158 132.222 11.2407
1030 297.464 132.383 11.231
1031 185.33 132.434 11.2202
1032 306.186 132.602 11.2106
1033 357.849 132.82 11.2019
1034 369.469 133.049 11.1934
1035 248.095 133.16 11.1831
1036 399.603 133.417 11.1753
1037 450.036 133.723 11.1687
1038 341.211 133.923 11.1597
1039 360.918 134.141 11.1511
1040 347.404 134.346 11.1422
1041 225.693 134.434 11.1319
1042 259.391 134.554 11.1218
1043 143.235 134.562 11.1112
1044 340.069 134.759 11.1023
1045 404.547 135.017 11.0947
1046 259.425 135.136 11.0847
1047 307.491 135.301 11.0753
1048 404.194 135.557 11.0677
1049 360.547 135.772 11.0593
1050 120.445 135.757 11.0487
1051 -59.6166 135.571 11.0398
1052 -7.47326 135.435 11.0301
1053 2.36132 135.309 11.0204
1054 130.269 135.304 11.0099
1055 161.017 135.329 10.9995
1056 83.6935 135.28 10.9892
1057 40.6664 135.19 10.9792
1058 -139.022 134.931 10.9719
1059 -104.061 134.705 10.9638
1060 -53.4917 134.528 10.9549
1061 -51.36 134.353 10.946
1062 54.1132 134.277 10.9359
1063 65.6412 134.212 10.9258
1064 88.8284 134.17 10.9157
1065 -6.8203 134.037 10.9062
1066 92.0123 133.998 10.8961
1067 -117.213 133.763 10.8884
1068 -50.1109 133.59 10.8796
1069 -42.9837 133.425 10.8706
1070 103.834 133.398 10.8605
1071 262.781 133.518 10.851
1072 77.5309 133.466 10.841
1073 46.4731 133.385 10.8312
1074 15.7222 133.276 10.8217
1075 58.0863 133.206 10.8119
1076 314.178 133.374 10.8031
1077 83.2021 133.327 10.7932
1078 87.7593 133.285 10.7833
1079 109.373 133.263 10.7733
1080 206.825 133.331 10.7635
1081 218.338 133.41 10.7539
1082 258.095 133.525 10.7445
1083 146.412 133.537 10.7346
1084 221.272 133.618 10.725
1085 216.759 133.694 10.7154
1086 166.085 133.724 10.7056
1087 264.504 133.844 10.6964
1088 221.77 133.925 10.6869
1089 189.805 133.976 10.6772
1090 87.3538 133.934 10.6675
1091 145.926 133.945 10.6577
1092 177.172 133.984 10.648
1093 -14.4565 133.848 10.6392
1094 68.4235 133.789 10.6296
1095 99.3222 133.757 10.6199
1096 141.371 133.764 10.6103
1097 253.578 133.873 10.6011
1098 336.677 134.058 10.5931
1099 242.014 134.156 10.5839
1100 106.783 134.131 10.5743
1101 42.2986 134.048 10.5651
1102 71.2068 133.991 10.5556
1103 154.353 134.009 10.5461
1104 341.641 134.197 10.5382
1105 209.543 134.266 10.5289
1106 91.2552 134.227 10.5194
1107 -93.5662 134.021 10.5119
1108 -92.7539 133.816 10.5044
1109 -5.01398 133.691 10.4957
1110 274.583 133.818 10.487
1111 236.153 133.91 10.478
1112 93.0504 133.873 10.4686
1113 174.106 133.91 10.4593
1114 39.5347 133.825 10.4502
1115 4.40038 133.709 10.4415
1116 -42.9931 133.55 10.4334
1117 -86.4125 133.354 10.4259
1118 26.5509 133.258 10.417
1119 135.088 133.26 10.4077
1120 335.264 133.44 10.4
1121 324.314 133.61 10.3921
1122 405.344 133.852 10.3856
1123 355.817 134.05 10.3783
1124 342.79 134.236 10.3707
1125 293.895 134.378 10.3624
1126 226.879 134.46 10.3536
1127 121.541 134.448 10.3444
1128 23.6601 134.35 10.3357
1129 -88.8265 134.153 10.3284
1130 -63.2387 133.978 10.3208
1131 -28.3201 133.834 10.3126
1132 -179.558 133.558 10.3072
1133 -97.4822 133.354 10.3001
1134 -183.611 133.074 10.2949
1135 -42.2241 132.92 10.2869
1136 43.0024 132.84 10.2782
1137 2.69242 132.726 10.2698
1138 168.138 132.757 10.2608
1139 177.16 132.796 10.2519
1140 360.29 132.996 10.2448
1141 488.605 133.307 10.2406
1142 385.182 133.528 10.234
1143 205.063 133.59 10.2252
1144 202.336 133.651 10.2165
1145 401.14 133.884 10.2102
1146 252.773 133.988 10.2018
1147 278.415 134.114 10.1937
1148 267.221 134.23 10.1855
1149 108.009 134.207 10.1767
1150 -77.3637 134.023 10.1695
1151 -177.592 133.752 10.1642
1152 -52.031 133.591 10.1567
1153 105.702 133.567 10.1479
1154 5.31733 133.456 10.1397
1155 53.5109 133.386 10.1312
1156 80.2427 133.34 10.1225
1157 15.0425 133.238 10.1143
1158 -21.9463 133.104 10.1065
1159 -68.2055 132.931 10.0992
1160 -145.949 132.69 10.0934
1161 -209.204 132.396 10.089
1162 -109.451 132.188 10.0824
1163 -130.838 131.961 10.0763
1164 -159.756 131.711 10.0708
1165 -70.0116 131.538 10.0636
1166 72.8956 131.487 10.0551
1167 -26.9524 131.352 10.0474
1168 -132.915 131.125 10.0414
1169 89.041 131.089 10.0328
1170 16.8793 130.992 10.0247
1171 -51.9364 130.835 10.0174
1172 -97.0607 130.641 10.0107
1173 -0.951793 130.529 10.0028
1174 -28.4307 130.393 9.99522
1175 -37.4918 130.251 9.98773
1176 -145.788 130.016 9.982
1177 54.0382 129.951 9.97372
1178 -33.3467 129.813 9.96622
1179 -83.7202 129.632 9.95941
1180 -115.256 129.424 9.95314
1181 14.9029 129.327 9.94518
1182 1.62869 129.219 9.93735
1183 125.188 129.216 9.92895
1184 231.916 129.302 9.92095
1185 210.897 129.371 9.91281
1186 279.91 129.498 9.90527
1187 292.82 129.636 9.89788
1188 194.448 129.69 9.8897
1189 251.221 129.792 9.88191
1190 282.322 129.921 9.87443
1191 261.586 130.031 9.86676
1192 341.714 130.209 9.86008
1193 464.871 130.489 9.85581
1194 376.449 130.695 9.84971
1195 498.822 131.003 9.84628
1196 536.461 131.342 9.84388
1197 509.2 131.658 9.84072
1198 473.878 131.944 9.83665
1199 503.963 132.254 9.83334
1200 376.472 132.457 9.82725
1201 331.193 132.623 9.82046
1202 204.958 132.683 9.81247
1203 144.162 132.693 9.80432
1204 123.597 132.685 9.79618
1205 199.667 132.741 9.78821
1206 212.361 132.807 9.78032
1207 368.515 133.002 9.77416
1208 365.606 133.195 9.76797
1209 436.86 133.446 9.76312
1210 359.466 133.633 9.75683
1211 259.359 133.736 9.74933
1212 369.144 133.931 9.74322
1213 672.638 134.375 9.7453
1214 443.625 134.629 9.74061
1215 275.822 134.746 9.73328
1216 329.878 134.906 9.7266
1217 434.972 135.153 9.72173
1218 454.884 135.415 9.71729
1219 423.297 135.651 9.71219
1220 607.51 136.038 9.71193
1221 611.192 136.427 9.71177
1222 386.962 136.632 9.70599
1223 615.57 137.024 9.70595
1224 488.112 137.311 9.70225
1225 517.144 137.621 9.69929
1226 491.308 137.909 9.69567
1227 661.032 138.336 9.69713
1228 509.188 138.638 9.69394
1229 521.482 138.949 9.69105
1230 488.842 139.234 9.68735
1231 510.937 139.536 9.68418
1232 250.601 139.626 9.67674
1233 375.703 139.817 9.67079
1234 261.088 139.915 9.66345
1235 141.206 139.916 9.65563
1236 209.568 139.973 9.64798
1237 326.011 140.123 9.64135
1238 485.35 140.402 9.6376
1239 396.275 140.609 9.63203
1240 603.531 140.982 9.63149
1241 690.051 141.424 9.63389
1242 696.978 141.872 9.63651
1243 906.752 142.487 9.64839
1244 965.733 143.149 9.6633
1245 674.909 143.576 9.66497
1246 501.842 143.863 9.66149
1247 420.06 144.085 9.65628
1248 474.93 144.35 9.65218
1249 471.539 144.612 9.64801
1250 460.029 144.864 9.64359
1251 581.323 145.213 9.64219
1252 595.522 145.573 9.64119
1253 490.924 145.849 9.63744
1254 400.326 146.051 9.63189
1255 582.551 146.399 9.63049
1256 626.039 146.781 9.63039
1257 535.569 147.09 9.6277
1258 542.318 147.405 9.62517
1259 705.608 147.848 9.62773
1260 658.045 148.253 9.6286
1261 564.302 148.583 9.62662
1262 547.77 148.899 9.62418
1263 567.311 149.23 9.62226
1264 464.683 149.48 9.61789
1265 444.774 149.713 9.61311
1266 478.547 149.973 9.60903
1267 305.178 150.096 9.60223
1268 259.556 150.182 9.59504
1269 269.58 150.276 9.58794
1270 272.396 150.372 9.58087
1271 237.582 150.441 9.57358
1272 226.026 150.5 9.56624
1273 158.551 150.507 9.55873
1274 316.477 150.637 9.55211
1275 160.028 150.644 9.54462
1276 240.762 150.715 9.5374
1277 215.369 150.765 9.53007
1278 351.924 150.923 9.52391
1279 398.277 151.116 9.51843
1280 506.783 151.394 9.51505
1281 432.04 151.613 9.51014
1282 466.343 151.859 9.50589
1283 458.372 152.098 9.50149
1284 418.79 152.305 9.49636
1285 140.939 152.296 9.48897
1286 251.513 152.374 9.4819
1287 312.756 152.498 9.47536
1288 203.686 152.538 9.46808
1289 344.785 152.687 9.46191
1290 252.74 152.765 9.45489
1291 297.8 152.877 9.44824
1292 324.288 153.01 9.44186
1293 195.821 153.043 9.43461
1294 172.277 153.058 9.42733
1295 362.466 153.219 9.42144
1296 249.226 153.293 9.41446
1297 255.747 153.372 9.40753
1298 385.591 153.551 9.40199
1299 453.21 153.782 9.39758
1300 434.684 153.998 9.39283
1301 191.493 154.027 9.38566
1302 348.512 154.176 9.37964
1303 344.618 154.322 9.37358
1304 339.765 154.465 9.36747
1305 423.613 154.671 9.36256
1306 385.758 154.848 9.35706
1307 522.703 155.129 9.35414
1308 507.687 155.399 9.35087
1309 604.602 155.742 9.35002
1310 721.609 156.174 9.35286
1311 624.03 156.531 9.35253
1312 487.598 156.783 9.3488
1313 422.902 156.986 9.34388
1314 436.642 157.199 9.33919
1315 261.624 157.278 9.33243
1316 252.238 157.35 9.32561
1317 45.65 157.265 9.31892
1318 137.672 157.251 9.31186
1319 180.656 157.268 9.30482
1320 227.012 157.321 9.29792
1321 319.754 157.444 9.29169
1322 260.822 157.522 9.28499
1323 516.046 157.793 9.28193
1324 238.312 157.854 9.27512
1325 53.4041 157.775 9.26845
1326 93.6731 157.727 9.26159
1327 270.05 157.812 9.255
1328 357.229 157.962 9.24925
1329 459.067 158.188 9.24506
1330 381.004 158.356 9.23963
1331 421.429 158.554 9.2348
1332 323.029 158.677 9.22869
1333 223.895 158.726 9.2219
1334 386.496 158.897 9.21657
1335 289.848 158.995 9.21018
1336 366.659 159.15 9.2046
1337 444.279 159.363 9.20019
1338 428.033 159.564 9.1955
1339 269.248 159.646 9.189
1340 147.343 159.637 9.18215
1341 120.001 159.607 9.17535
1342 16.7881 159.501 9.16913
1343 34.1003 159.408 9.16277
1344 412.481 159.596 9.15789
1345 374.261 159.756 9.15247
1346 248.97 159.822 9.14591
1347 371.288 159.979 9.14047
1348 222.892 160.026 9.13381
1349 317.638 160.142 9.12779
1350 182.113 160.159 9.12104
1351 121.596 160.13 9.11433
1352 -43.8777 159.979 9.10884
1353 59.8704 159.905 9.10241
1354 58.9182 159.831 9.09599
1355 50.8389 159.75 9.08963
1356 36.8981 159.66 9.08338
1357 91.693 159.609 9.07683
1358 198.97 159.638 9.07019
1359 157.621 159.637 9.06351
1360 181.582 159.653 9.05686
1361 324.826 159.774 9.05102
1362 238.284 159.832 9.04456
1363 525.028 160.1 9.04189
1364 730.151 160.518 9.04492
1365 814.189 160.997 9.05096
1366 701.085 161.392 9.05297
1367 397.187 161.565 9.04799
1368 241.842 161.623 9.04156
1369 416.725 161.81 9.03688
1370 482.141 162.044 9.03331
1371 359.422 162.188 9.02786
1372 387.708 162.352 9.02278
1373 259.357 162.423 9.01649
1374 243.98 162.482 9.01012
1375 488.165 162.719 9.00668
1376 454.145 162.931 9.00262
1377 468.62 163.153 8.99882
1378 391.831 163.319 8.99382
1379 213.144 163.355 8.98737
1380 -127.569 163.144 8.98333
1381 -34.002 163.001 8.97796
1382 4.66697 162.887 8.9722
1383 23.4243 162.786 8.96627
1384 10.8534 162.676 8.96047
1385 -13.6739 162.549 8.9549
1386 -158.34 162.317 8.95143
1387 -71.125 162.149 8.94656
1388 -17.5943 162.019 8.94105
1389 18.2662 161.916 8.93522
1390 -35.3067 161.774 8.92991
1391 -52.5815 161.62 8.92482
1392 -5.15868 161.5 8.91922
1393 160.234 161.499 8.91281
1394 161.852 161.499 8.90642
1395 172.74 161.507 8.90004
1396 155.853 161.503 8.89367
1397 181.13 161.517 8.88731
1398 100.29 161.474 8.88106
1399 17.9068 161.371 8.87531
1400 -58.6976 161.214 8.87036
1401 -62.5197 161.054 8.86546
1402 -103.208 160.866 8.86114
1403 34.0773 160.775 8.85529
1404 167.491 160.78 8.84898
1405 213.115 160.817 8.84276
1406 317.043 160.928 8.83717
1407 338.773 161.055 8.8318
1408 442.679 161.255 8.82779
1409 220.754 161.297 8.82162
1410 255.801 161.364 8.81562
1411 225.612 161.41 8.80949
1412 183.191 161.425 8.80327
1413 227.711 161.472 8.79716
1414 182.648 161.487 8.79095
1415 176.433 161.497 8.78474
1416 61.2259 161.427 8.77883
1417 98.8239 161.382 8.77274
1418 12.0839 161.277 8.76719
1419 -17.624 161.151 8.76192
1420 163.991 161.153 8.75575
1421 200.703 161.181 8.74963
1422 132.274 161.161 8.7435
1423 153.504 161.155 8.73736
1424 35.1675 161.067 8.73167
1425 92.8116 161.019 8.72567
1426 117.644 160.988 8.71961
1427 59.5354 160.917 8.71379
1428 24.2117 160.822 8.70821
1429 154.343 160.817 8.70212
1430 83.1035 160.763 8.6962
1431 166.655 160.767 8.69012
1432 255.572 160.833 8.68431
1433 106.916 160.795 8.67833
1434 4.57557 160.686 8.67296
1435 164.858 160.689 8.66692
1436 349.047 160.821 8.66187
1437 490.95 161.05 8.65889
1438 416.415 161.228 8.65469
1439 98.9584 161.185 8.64879
1440 325.128 161.298 8.64353
1441 331.104 161.416 8.63833
1442 186.648 161.434 8.63236
1443 141.572 161.42 8.62639
1444 197.62 161.445 8.62045
1445 531.045 161.701 8.61828
1446 459.193 161.907 8.61478
1447 511.537 162.148 8.61221
1448 580.822 162.437 8.61112
1449 516.236 162.681 8.60863
1450 369.514 162.824 8.60388
1451 616.837 163.137 8.60364
1452 554.965 163.407 8.60194
1453 655.449 163.746 8.60268
1454 598.687 164.045 8.60197
1455 619.923 164.358 8.60176
1456 877.661 164.848 8.60979
1457 809.682 165.29 8.61525
1458 502.958 165.522 8.61245
1459 365.176 165.659 8.60764
1460 368.766 165.798 8.60287
1461 423.849 165.975 8.59879
1462 422.834 166.15 8.5947
1463 343.583 166.272 8.58968
1464 379.583 166.417 8.58505
1465 427.301 166.595 8.58104
1466 431.539 166.776 8.57709
1467 348.34 166.9 8.57214
1468 415.937 167.07 8.56797
1469 452.407 167.264 8.56434
1470 528.909 167.51 8.56205
1471 530.163 167.756 8.55978
1472 713.857 168.127 8.562
1473 802.861 168.558 8.56702
1474 631.124 168.872 8.56696
1475 715.785 169.243 8.56917
1476 658.604 169.574 8.56977
1477 792.943 169.996 8.57436
1478 622.307 170.302 8.57402
1479 580.48 170.58 8.5727
1480 749.903 170.971 8.57584
1481 668.617 171.307 8.57663
1482 520.368 171.543 8.57408
1483 514.073 171.774 8.57141
1484 380.005 171.914 8.56678
1485 418.093 172.08 8.56262
1486 390.949 172.227 8.55812
1487 379.457 172.366 8.5535
1488 295.069 172.449 8.54815
1489 346.911 172.566 8.54321
1490 381.793 172.707 8.53863
1491 354.716 172.829 8.53378
1492 281.759 172.902 8.52837
1493 266.662 172.964 8.52289
1494 190.326 172.976 8.51719
1495 273.728 173.043 8.51176
1496 270.806 173.109 8.50632
1497 52.6313 173.028 8.50102
1498 70.454 172.96 8.49562
1499 253.956 173.014 8.49013
1500 160.234 173.005 8.48447
1501 204.022 173.026 8.47884
1502 347.001 173.142 8.47399
1503 504.552 173.362 8.47122
1504 519.391 173.592 8.46871
1505 564.693 173.852 8.46707
1506 625.397 174.152 8.46675
1507 536.916 174.393 8.46456
1508 474.905 174.592 8.46129
1509 392.59 174.737 8.45692
1510 178.201 174.739 8.45132
1511 169.975 174.736 8.44572
1512 186.198 174.743 8.44014
1513 350.766 174.86 8.43536
1514 362.447 174.984 8.4307
1515 278.112 175.052 8.42541
1516 431.955 175.221 8.42156
1517 187.448 175.229 8.41601
1518 111.816 175.187 8.41057
1519 197.202 175.202 8.40505
1520 213.422 175.227 8.39955
1521 355.977 175.346 8.39487
1522 370.002 175.474 8.39033
1523 257.108 175.527 8.38499
1524 167.347 175.522 8.37949
1525 128.192 175.491 8.37406
1526 291.735 175.567 8.36891
1527 175.101 175.567 8.36343
1528 291.144 175.642 8.3583
1529 439.483 175.815 8.35462
1530 202.545 175.832 8.34917
1531 234.271 175.871 8.34381
1532 252.478 175.921 8.33851
1533 305.192 176.005 8.3335
1534 374.257 176.134 8.32907
1535 543.061 176.373 8.32707
1536 387.092 176.51 8.32278
1537 569.107 176.766 8.32128
1538 422.962 176.926 8.31741
1539 475.069 177.12 8.31426
1540 633.456 177.416 8.31414
1541 596.038 177.688 8.31319
1542 584.572 177.952 8.31198
1543 457.272 178.133 8.30857
1544 431.398 178.297 8.3048
1545 621.592 178.583 8.30438
1546 621.025 178.87 8.30394
1547 660.221 179.181 8.3044
1548 643.759 179.481 8.30446
1549 638.048 179.777 8.30437
1550 436.888 179.943 8.30067
1551 542.979 180.177 8.29862
1552 684.349 180.502 8.29963
1553 637.115 180.796 8.29949
1554 517.478 181.012 8.29698
1555 555.993 181.254 8.29514
1556 472.59 181.441 8.29193
1557 422.341 181.596 8.28804
1558 498.061 181.799 8.28521
1559 257.667 181.847 8.28004
1560 354.838 181.958 8.27548
1561 429.006 182.116 8.27169
1562 467.46 182.299 8.26841
1563 409.098 182.444 8.26439
1564 478.362 182.633 8.26127
1565 492.629 182.832 8.25837
1566 649.083 183.129 8.25846
1567 435.892 183.291 8.25477
1568 279.272 183.352 8.24973
1569 207.169 183.367 8.24448
1570 173.51 183.361 8.23923
1571 432.762 183.519 8.23552
1572 440.98 183.683 8.23191
1573 405.262 183.824 8.22788
1574 427.212 183.979 8.22411
1575 248.944 184.02 8.21899
1576 179.137 184.017 8.21377
1577 236.202 184.05 8.20863
1578 186.494 184.052 8.20343
1579 143.385 184.026 8.19828
1580 244.46 184.064 8.19318
1581 228.013 184.092 8.18804
1582 323.76 184.18 8.18334
1583 234.708 184.212 8.17823
1584 262.914 184.262 8.17322
1585 454.326 184.432 8.16984
1586 233.71 184.463 8.16475
1587 84.1487 184.4 8.15985
1588 169.165 184.39 8.15472
1589 141.137 184.363 8.14963
1590 102.013 184.311 8.14467
1591 110.994 184.265 8.13968
1592 -19.805 184.137 8.13558
1593 -82.303 183.97 8.13219
1594 -142.101 183.765 8.12966
1595 -310.069 183.456 8.13046
1596 -87.1537 183.286 8.12713
1597 27.5107 183.189 8.12262
1598 115.057 183.146 8.11765
1599 56.2304 183.067 8.11297
1600 127.042 183.032 8.10797
1601 -36.0342 182.895 8.10406
1602 -65.5063 182.74 8.10048
1603 -74.8838 182.579 8.09703
1604 -212.815 182.332 8.09573
1605 -51.6657 182.187 8.092
1606 -24.2457 182.058 8.08798
1607 -2.61116 181.943 8.08376
1608 -208.799 181.7 8.08239
1609 -134.864 181.503 8.07976
1610 -30.9378 181.371 8.07582
1611 1.15914 181.26 8.07158
1612 66.6005 181.188 8.06689
1613 -62.7434 181.037 8.0633
1614 123.632 181.002 8.05838
1615 316.338 181.085 8.05383
1616 413.553 181.229 8.05013
1617 157.895 181.215 8.04517
1618 258.709 181.263 8.04034
1619 397.35 181.396 8.03648
1620 292.439 181.465 8.03181
1621 346.827 181.567 8.0275
1622 289.681 181.633 8.02283
1623 222.795 181.659 8.01793
1624 75.1686 181.593 8.01326
1625 116.494 181.553 8.00843
1626 193.558 181.561 8.0035
1627 359.807 181.67 7.99933
1628 342.623 181.769 7.99503
1629 147.55 181.748 7.99015
1630 172.441 181.742 7.98525
1631 278.59 181.802 7.98058
1632 344.296 181.901 7.97631
1633 164.544 181.891 7.97143
1634 218.684 181.913 7.96658
1635 468.405 182.088 7.96364
1636 323.789 182.175 7.95924
1637 322.225 182.261 7.95484
1638 315.806 182.342 7.9504
1639 522.608 182.55 7.94826
1640 807.638 182.931 7.95255
1641 752.191 183.278 7.95526
1642 585.206 183.523 7.95418
1643 667.663 183.817 7.9548
1644 554.353 184.043 7.95315
1645 696.789 184.354 7.95442
1646 573.199 184.59 7.9531
1647 493.725 184.778 7.95048
1648 486.973 184.962 7.94777
1649 536.245 185.175 7.94581
1650 583.273 185.416 7.94465
1651 329.343 185.503 7.94032
1652 459.847 185.669 7.93725
1653 515.643 185.869 7.93496
1654 638.559 186.142 7.93488
1655 584.044 186.383 7.93373
1656 490.858 186.567 7.93107
1657 468.685 186.737 7.92811
1658 425.094 186.881 7.92463
1659 307.627 186.954 7.92019
1660 288.238 187.015 7.91565
1661 233.896 187.043 7.91093
1662 79.6857 186.978 7.90644
1663 119.262 186.937 7.90179
1664 233.202 186.965 7.89709
1665 239.073 186.997 7.89241
1666 142.2 186.97 7.88772
1667 92.6567 186.913 7.88319
1668 160.242 186.897 7.87848
1669 86.9057 186.837 7.87399
1670 147.182 186.813 7.86931
1671 175.997 186.807 7.8646
1672 273.399 186.859 7.86007
1673 385.583 186.978 7.85627
1674 240.84 187.01 7.85164
1675 84.7053 186.949 7.84719
1676 18.37 186.848 7.84315
1677 46.7847 186.765 7.83892
1678 28.8369 186.67 7.83481
1679 -50.2096 186.529 7.83142
1680 44.0709 186.445 7.82721
1681 -134.01 186.254 7.82488
1682 4.01782 186.146 7.82098
1683 190.73 186.148 7.81633
1684 189.116 186.15 7.81169
1685 76.9361 186.085 7.80732
1686 110.804 186.041 7.80282
1687 67.9205 185.971 7.79851
1688 26.8577 185.876 7.79446
1689 48.3148 185.795 7.79027
1690 110.112 185.75 7.78579
1691 111.71 185.706 7.78131
1692 62.4908 185.633 7.77705
1693 126.43 185.598 7.77253
1694 162.45 185.585 7.76796
1695 213.48 185.601 7.76339
1696 303.19 185.671 7.75912
1697 324.191 185.752 7.75498
1698 474.233 185.922 7.75227
1699 421.978 186.061 7.74896
1700 465.337 186.225 7.74614
1701 369.67 186.333 7.74234
1702 318.159 186.411 7.73817
1703 195.891 186.416 7.73363
1704 44.4956 186.333 7.72954
1705 35.3685 186.244 7.72552
1706 98.3233 186.193 7.72116
1707 101.914 186.143 7.71679
1708 46.1478 186.062 7.71271
1709 57.9358 185.987 7.70856
1710 308.617 186.058 7.70439
1711 224.483 186.081 7.69992
1712 194.549 186.086 7.69542
1713 348.286 186.18 7.69151
1714 353.797 186.278 7.68765
1715 378.737 186.39 7.68398
1716 505.896 186.577 7.68176
1717 724.665 186.89 7.68368
1718 452.608 187.045 7.68076
1719 340.298 187.134 7.67681
1720 444.931 187.284 7.67381
1721 408.972 187.412 7.67043
1722 106.567 187.365 7.66612
1723 66.0052 187.295 7.662
1724 245.384 187.329 7.65762
1725 74.3592 187.263 7.65347
1726 310.537 187.335 7.64936
1727 247.898 187.37 7.64502
1728 239.177 187.4 7.64065
1729 258.598 187.441 7.63634
1730 319.843 187.517 7.63231
1731 222.481 187.538 7.62793
1732 192.67 187.541 7.62353
1733 257.546 187.581 7.61923
1734 274.087 187.631 7.615
1735 268.575 187.678 7.61076
1736 255.684 187.717 7.60647
1737 219.921 187.735 7.60212
1738 238.936 187.765 7.5978
1739 178.205 187.759 7.59343
1740 204.877 187.769 7.58908
1741 382.019 187.881 7.58554
1742 533.125 188.079 7.58377
1743 397.644 188.199 7.58037
1744 518.551 188.388 7.57839
1745 510.334 188.573 7.57629
1746 438.157 188.716 7.5733
1747 606.93 188.955 7.57275
1748 420.797 189.088 7.56958
1749 468.582 189.248 7.56694
1750 477.517 189.412 7.56441
1751 652.494 189.677 7.56471
1752 431.635 189.815 7.56165
1753 213.901 189.829 7.55735
1754 253.067 189.865 7.55313
1755 121.614 189.826 7.54893
1756 248.281 189.859 7.5447
1757 187.216 189.858 7.54041
1758 215.509 189.872 7.53613
1759 186.859 189.871 7.53185
1760 75.4781 189.806 7.52785
1761 170.322 189.795 7.52358
1762 167.231 189.782 7.51932
1763 56.1309 189.706 7.51544
1764 223.347 189.725 7.5112
1765 77.7308 189.662 7.50722
1766 12.2684 189.561 7.50364
1767 -33.4452 189.435 7.50045
1768 26.8681 189.343 7.49677
1769 -10.8257 189.23 7.49339
1770 -50.4249 189.094 7.49038
1771 -160.563 188.897 7.48875
1772 -218.353 188.667 7.48805
1773 -162.1 188.469 7.48644
1774 -123.386 188.294 7.48428
1775 -71.8339 188.147 7.4815
1776 -108.083 187.98 7.47915
1777 -68.4622 187.836 7.47633
1778 -105.171 187.671 7.47394
1779 -122.604 187.497 7.47178
1780 -124.127 187.322 7.46963
1781 44.3489 187.241 7.46587
1782 146.811 187.219 7.46171
1783 40.3318 187.136 7.45798
1784 4.59518 187.034 7.4545
1785 48.345 186.956 7.45073
1786 182.182 186.954 7.44656
1787 329.015 187.033 7.44282
1788 301.165 187.097 7.43893
1789 316.527 187.169 7.43512
1790 277.703 187.22 7.43114
1791 209.069 187.232 7.427
1792 322.845 187.308 7.42324
1793 406.186 187.43 7.42011
1794 419.921 187.559 7.4171
1795 439.103 187.699 7.41429
1796 467.323 187.855 7.4118
1797 522.331 188.041 7.41001
1798 443.25 188.183 7.40725
1799 508.803 188.361 7.40528
1800 476.795 188.522 7.40289
1801 254.972 188.559 7.39888
1802 398.705 188.675 7.39569
1803 500.719 188.848 7.39361
1804 441.038 188.988 7.39083
1805 483.942 189.151 7.38855
1806 559.969 189.357 7.38731
1807 611.764 189.591 7.38692
1808 525.627 189.776 7.38517
1809 397.457 189.891 7.38198
1810 657.138 190.149 7.38241
1811 604.36 190.378 7.38188
1812 390.719 190.489 7.37863
1813 377.616 190.592 7.37529
1814 545.556 190.788 7.37381
1815 479.009 190.946 7.37146
1816 591.515 191.167 7.3707
1817 429.997 191.298 7.36782
1818 457.926 191.445 7.36522
1819 222.993 191.462 7.3612
1820 263.301 191.502 7.35726
1821 229.497 191.523 7.35325
1822 287.462 191.575 7.3494
1823 172.005 191.565 7.34538
1824 406.059 191.682 7.34229
1825 439.33 191.818 7.33952
1826 446.658 191.957 7.33683
1827 260.876 191.995 7.33291
1828 155.771 191.975 7.32892
1829 8.593 191.875 7.3256
1830 -167.17 191.679 7.32423
1831 -106.496 191.516 7.32204
1832 3.48208 191.413 7.31876
1833 4.67307 191.312 7.31548
1834 69.6135 191.245 7.31179
1835 74.3909 191.182 7.30808
1836 12.3447 191.084 7.30475
1837 13.3232 190.987 7.30141
1838 -19.1301 190.873 7.29834
1839 165.786 190.859 7.29438
1840 230.207 190.881 7.29045
1841 57.4083 190.808 7.28685
1842 100.832 190.759 7.28306
1843 76.762 190.698 7.27937
1844 50.6201 190.622 7.27581
1845 -18.9067 190.508 7.27276
1846 -11.615 190.399 7.26964
1847 -6.44853 190.292 7.26649
1848 -101.054 190.134 7.26427
1849 -62.3829 189.998 7.26162
1850 208.571 190.008 7.2577
1851 94.2694 189.956 7.25397
1852 260.389 189.994 7.25015
1853 163.984 189.98 7.24625
1854 118.741 189.942 7.24244
1855 177.946 189.935 7.23854
1856 126.895 189.901 7.23472
1857 336.299 189.98 7.23125
1858 400.515 190.093 7.22825
1859 253.073 190.127 7.22444
1860 119.468 190.089 7.22066
1861 122.577 190.053 7.21687
1862 212.187 190.065 7.213
1863 422.037 190.189 7.2102
1864 387.608 190.295 7.20711
1865 137.672 190.267 7.20331
1866 115.374 190.227 7.19956
1867 46.4205 190.15 7.19611
1868 -60.8292 190.016 7.19351
1869 -68.9562 189.877 7.191
1870 134.805 189.848 7.18721
1871 77.3625 189.787 7.18363
1872 108.709 189.744 7.17992
1873 189.717 189.744 7.17608
1874 266.621 189.785 7.17237
1875 196.154 189.789 7.16855
1876 400.123 189.901 7.1656
1877 209.618 189.911 7.16179
1878 145.578 189.888 7.15802
1879 248.2 189.919 7.15428
1880 324.071 189.99 7.15083
1881 300.46 190.049 7.14727
1882 152.751 190.029 7.1435
1883 271.035 190.072 7.13983
1884 319.441 190.141 7.13637
1885 376.388 190.239 7.13327
1886 309.187 190.302 7.12977
1887 -104.709 190.146 7.1277
1888 -77.127 190.004 7.12533
1889 23.6091 189.916 7.12211
1890 26.4604 189.83 7.11886
1891 153.234 189.811 7.11512
1892 147.428 189.788 7.1114
1893 118.552 189.751 7.10774
1894 4.53325 189.653 7.10466
1895 125.448 189.619 7.10099
1896 216.529 189.633 7.09726
1897 161.332 189.618 7.09354
1898 276.124 189.664 7.08995
1899 -13.644 189.557 7.08702
1900 26.9601 189.471 7.08381
1901 181.024 189.467 7.08008
1902 163.479 189.453 7.07637
1903 310.998 189.517 7.07294
1904 282.407 189.566 7.0694
1905 359.603 189.655 7.06625
1906 382.326 189.756 7.06326
1907 448.082 189.891 7.06086
1908 230.199 189.913 7.05719
1909 184.279 189.91 7.05349
1910 40.9799 189.832 7.05023
1911 184.442 189.829 7.04654
1912 23.145 189.742 7.0434
1913 9.76567 189.648 7.04034
1914 201.234 189.654 7.03667
1915 123.466 189.619 7.03308
1916 101.341 189.573 7.02956
1917 212.44 189.585 7.0259
1918 59.2989 189.517 7.02257
1919 122.395 189.482 7.01899
1920 95.321 189.433 7.01551
1921 120.726 189.397 7.01195
1922 -95.3901 189.249 7.00987
1923 -121.603 189.087 7.00808
1924 17.0777 188.998 7.00501
1925 -25.6446 188.886 7.00226
1926 70.6204 188.825 6.99889
1927 -33.2787 188.71 6.99621
1928 18.3829 188.621 6.99314
1929 36.2601 188.542 6.98996
1930 191.132 188.544 6.98634
1931 141.153 188.519 6.98276
1932 234.755 188.543 6.97919
1933 215.562 188.557 6.9756
1934 -42.0417 188.438 6.97301
1935 132.157 188.409 6.96946
1936 36.0679 188.33 6.96631
1937 89.0657 188.279 6.9629
1938 131.432 188.25 6.95937
1939 161.7 188.236 6.95579
1940 57.1528 188.168 6.95254
1941 51.6965 188.098 6.94931
1942 215.006 188.112 6.94575
1943 220.611 188.129 6.94219
1944 238.947 188.155 6.93867
1945 284.993 188.205 6.93528
1946 81.0496 188.149 6.93194
1947 241.478 188.177 6.92843
1948 243.647 188.205 6.92493
1949 94.3889 188.157 6.92154
1950 145.897 188.136 6.91803
1951 61.2107 188.07 6.91479
1952 110.824 188.031 6.91136
1953 214.571 188.044 6.90783
1954 226.221 188.064 6.90433
1955 280.244 188.111 6.90096
1956 318.893 188.178 6.89775
1957 233.064 188.201 6.89427
1958 357.641 188.288 6.89129
1959 334.437 188.362 6.88817
1960 174.355 188.355 6.88466
1961 147.895 188.334 6.88118
1962 10.4677 188.244 6.87827
1963 222.296 188.261 6.87479
1964 385.648 188.362 6.87203
1965 294.664 188.416 6.86874
1966 296.246 188.47 6.86547
1967 348.087 188.552 6.86246
1968 255.629 188.586 6.85905
1969 249.262 188.617 6.85564
1970 373.116 188.71 6.8528
1971 140.708 188.686 6.84936
1972 57.2954 188.619 6.84622
1973 127.629 188.588 6.84282
1974 34.1349 188.51 6.8398
1975 92.3042 188.461 6.83651
1976 172.269 188.453 6.83305
1977 74.2487 188.395 6.82984
1978 181.385 188.392 6.82639
1979 307.224 188.452 6.8232
1980 48.2263 188.381 6.82012
1981 -172.671 188.199 6.81912
1982 -3.62177 188.102 6.81636
1983 79.5289 188.047 6.81314
1984 98.2224 188.002 6.80986
1985 149.262 187.982 6.80646
1986 50.1289 187.913 6.80338
1987 48.762 187.843 6.80032
1988 155 187.827 6.79692
1989 160.452 187.813 6.79352
1990 270.048 187.854 6.79023
1991 98.5758 187.809 6.78697
1992 191.175 187.811 6.78356
1993 65.231 187.749 6.78044
1994 114.172 187.713 6.77714
1995 125.531 187.681 6.77381
1996 1.0307 187.588 6.77106
1997 72.7266 187.53 6.76792
1998 95.7435 187.484 6.76468
1999 249.28 187.515 6.76137
2000 300.14 187.572 6.75822
