0 997.799
1 910.583
2 851.584
3 802.184
4 765.307
5 725.689
6 686.088
7 675.234
8 649.174
9 641.335
10 624.808
11 609.345
12 596.957
13 586.226
14 570.718
15 559.402
16 559.484
17 551.604
18 555.588
19 529.972
20 531.55
21 526.331
22 518.724
23 502.59
24 485.076
25 501.125
26 500.941
27 484.19
28 480.97
29 469.561
30 461.765
31 466.629
32 480.718
33 487.412
34 482.864
35 479.198
36 464.891
37 456.607
38 458.713
39 452.915
40 456.691
41 455.606
42 441.609
43 444.841
44 455.265
45 462.592
46 445.802
47 448.64
48 452.352
49 454.22
50 443.671
51 446.132
52 447.938
53 423.295
54 421.207
55 415.85
56 416.419
57 416.467
58 435.47
59 428.33
60 433.661
61 427.849
62 428.945
63 430.985
64 422.395
65 421.634
66 417.854
67 418.237
68 421.007
69 428.87
70 425.508
71 402.217
72 397.51
73 380.441
74 370.866
75 375.956
76 384.743
77 396.674
78 394.21
79 391.104
80 381.912
81 362.457
82 364.914
83 382.755
84 366.785
85 367.834
86 362.343
87 358.221
88 366.341
89 360.678
90 362.984
91 368.118
92 360.91
93 349.428
94 368.971
95 359.792
96 348.433
97 346.525
98 371.235
99 361.667
100 367.446
101 355.671
102 364.609
103 360.953
104 354.399
105 355.31
106 349.856
107 343.404
108 350.082
109 366.195
110 361.277
111 357.925
112 355.376
113 366.499
114 349.359
115 362.422
116 350.339
117 358.183
118 352.097
119 362.428
120 345.655
121 350.705
122 343.276
123 360.395
124 357.165
125 350.588
126 363.118
127 362.943
128 355.822
129 345.09
130 345.458
131 364.516
132 344.445
133 352.494
134 353.217
135 353.323
136 362.544
137 358.935
138 352.909
139 354.97
140 346.214
141 358.67
142 365.599
143 357.707
144 358.37
145 369.136
146 357.013
147 357.043
148 378.645
149 362.557
150 344.254
151 354.724
152 343.476
153 359.155
154 352
155 370.629
156 370.443
157 358.735
158 368.746
159 348.055
160 350.644
161 345.489
162 348.913
163 351.222
164 353.592
165 344.942
166 351.184
167 349.055
168 353.93
169 348.234
170 353.202
171 355.68
172 347.971
173 332.271
174 359.802
175 368.728
176 356.798
177 356.677
178 362.795
179 360.567
180 366.665
181 363.055
182 364.937
183 348.737
184 351.091
185 349.575
186 361.281
187 370.391
188 362.631
189 347.709
190 362.082
191 369.201
192 351.913
193 357.137
194 364.59
195 356.73
196 360.779
197 359.788
198 356.71
199 375.596
200 349.687
201 353.601
202 346.692
203 362.204
204 360.104
205 363.614
206 338.692
207 356.511
208 357.111
209 353.269
210 360.516
211 368.979
212 355.597
213 364.684
214 360.701
215 369.19
216 358.597
217 357.618
218 367.011
219 357.098
220 349.855
221 349.577
222 355.993
223 358.445
224 342.684
225 351.645
226 352.516
227 363.099
228 353.099
229 370.483
230 368.245
231 376.605
232 358.937
233 364.417
234 356.996
235 368.98
236 371.893
237 367.688
238 373.764
239 355.437
240 346.662
241 346.509
242 349.134
243 337.295
244 355.643
245 346.348
246 353.282
247 351.968
248 349.918
249 355.347
250 341.313
251 346.284
252 343.948
253 356.805
254 360.2
255 344.265
256 357.253
257 353.97
258 355.384
259 356.827
260 349.737
261 337.526
262 349.26
263 349.976
264 338.265
265 334.903
266 343.533
267 335.769
268 341.769
269 348.43
270 330.852
271 344.458
272 336.832
273 326.53
274 359.103
275 358.078
276 344.458
277 355.002
278 345.549
279 339.676
280 341.439
281 333.993
282 339.14
283 328.075
284 340.961
285 347.079
286 340.934
287 339.918
288 338.906
289 331.213
290 328.386
291 324.563
292 337.598
293 334.157
294 355.637
295 346.898
296 349.805
297 339.969
298 349.902
299 335.932
300 343.484
301 342.268
302 333.411
303 337.465
304 330.93
305 334.416
306 346.616
307 335.615
308 348.111
309 358.16
310 342.143
311 366.613
312 363.766
313 344.367
314 342.502
315 355.942
316 351.863
317 345.296
318 337.897
319 320.965
320 345.993
321 349.632
322 346.973
323 348.327
324 345.697
325 354.215
326 331.262
327 334.494
328 334.377
329 336.824
330 342.19
331 344.09
332 359.243
333 338.703
334 339.362
335 331.413
336 357.104
337 368.79
338 369.055
339 365.134
340 352.642
341 348.866
342 356.782
343 346.725
344 343.545
345 327.635
346 350.228
347 348.336
348 353.89
349 357.327
350 336.74
351 358.759
352 343.149
353 339.999
354 342.499
355 333.331
356 332.138
357 336.509
358 335.832
359 337.773
360 346.248
361 325.038
362 342.812
363 331.973
364 340.923
365 348.114
366 335.511
367 338.755
368 337.15
369 341.518
370 344.433
371 345.334
372 342.108
373 343.927
374 341.153
375 337.644
376 336.894
377 327.74
378 351.472
379 345.948
380 334.334
381 352.806
382 353.801
383 340.153
384 363.793
385 344.457
386 346.701
387 341.143
388 338.857
389 346.094
390 338.889
391 331.413
392 337.268
393 345.218
394 350.464
395 349.167
396 341.286
397 352.635
398 338.666
399 346.683
400 337.118
401 346.575
402 335.969
403 340.376
404 338.821
405 337.692
406 356.416
407 336.387
408 336.652
409 340.561
410 356.524
411 338.535
412 339.739
413 343.711
414 342.911
415 341.602
416 335.499
417 341.545
418 334.619
419 342.288
420 325.181
421 331.256
422 347.048
423 350.417
424 344.345
425 336.586
426 346.739
427 336.519
428 332.429
429 329.835
430 346.783
431 361.802
432 356.69
433 343.593
434 343.223
435 339.163
436 335.389
437 338.574
438 343.013
439 332.57
440 325.107
441 336.662
442 340.731
443 332.905
444 333.291
445 328.678
446 339.763
447 342.658
448 346.504
449 344.624
450 344.218
451 358.023
452 345.063
453 353.143
454 342.427
455 352.096
456 348.263
457 343.164
458 347.281
459 337.388
460 335.17
461 340.997
462 338.343
463 346.959
464 353.387
465 342.72
466 348.804
467 341.527
468 343.683
469 348.492
470 337.633
471 345.934
472 334.711
473 354.684
474 342.222
475 332.696
476 335.606
477 336.418
478 338.632
479 340.934
480 341.892
481 350.571
482 330.26
483 341.998
484 331.519
485 340.931
486 346.764
487 362.713
488 356.231
489 353.916
490 336.154
491 337.895
492 326.719
493 323.854
494 333.679
495 346.921
496 339.76
497 337.55
498 337.537
499 349.655
500 352.737
501 353.76
502 337.567
503 345.27
504 344.622
505 345.236
506 334.239
507 341.685
508 343.193
509 337.91
510 341.619
511 342.259
512 345.472
513 339.697
514 347.161
515 336.351
516 335.122
517 346.408
518 344.695
519 338.364
520 339.326
521 328.648
522 346.182
523 346.951
524 331.136
525 342.272
526 338.28
527 346.796
528 341.171
529 356.74
530 355.918
531 344.262
532 363.166
533 359.962
534 370.636
535 352.061
536 349.014
537 333.666
538 334.332
539 350.805
540 342.098
541 339.813
542 345.869
543 332.719
544 345.591
545 349.757
546 345.574
547 344.833
548 342.501
549 339.625
550 320.676
551 344.268
552 356.149
553 339.288
554 331.029
555 360.081
556 363.295
557 366.192
558 335.527
559 353.755
560 342.888
561 347.244
562 342.173
563 334.538
564 345.952
565 332.607
566 330.134
567 342.667
568 348.703
569 366.13
570 349.941
571 356.073
572 335.646
573 343.287
574 340.246
575 345.005
576 344.839
577 346.533
578 341.626
579 354.081
580 342.844
581 348.451
582 343.416
583 332.138
584 343.712
585 341.615
586 330.532
587 341.182
588 344.156
589 346.748
590 335.239
591 338.938
592 332.205
593 340.175
594 339.341
595 330.392
596 352.26
597 351.502
598 350.885
599 355.283
600 359.587
601 362.888
602 343.491
603 341.623
604 340.735
605 333.094
606 338.442
607 338.893
608 340.46
609 331.667
610 339.39
611 339.625
612 340.744
613 336.3
614 334.909
615 347.64
616 340.623
617 359.086
618 351.068
619 349.163
620 346.273
621 344.703
622 335.722
623 353.818
624 342.969
625 329.504
626 344.58
627 347.993
628 353.01
629 346.037
630 338.109
631 341.26
632 344.526
633 343.738
634 340.741
635 354.396
636 340.831
637 329.183
638 336.342
639 332.688
640 344.085
641 331.427
642 343.807
643 342.619
644 334.48
645 329.431
646 330.944
647 342.182
648 348.718
649 339.114
650 342.731
651 335.624
652 337.34
653 353.109
654 347.448
655 368.332
656 338.882
657 345.211
658 338.695
659 339.66
660 349.932
661 333.721
662 347.368
663 362.184
664 348.209
665 342.797
666 339.578
667 338.238
668 336.101
669 345.949
670 345.224
671 328.098
672 343.291
673 348.607
674 346.235
675 343.371
676 341.97
677 346.72
678 360.715
679 345.982
680 346.358
681 338.802
682 344.309
683 338.869
684 351.784
685 346.826
686 355.855
687 359.156
688 343.242
689 337.948
690 352.374
691 333.174
692 330.486
693 346.066
694 329.283
695 341.744
696 329.49
697 340.351
698 350.66
699 340.445
700 356.174
701 344.748
702 342.486
703 348.023
704 339.919
705 334.919
706 340.555
707 336.17
708 348.119
709 346.129
710 328.729
711 337.836
712 345.058
713 337.798
714 342.715
715 337.293
716 340.647
717 354.799
718 343.683
719 331.394
720 338.294
721 335.846
722 331.612
723 343.539
724 332.966
725 357.328
726 350.075
727 354.758
728 351.048
729 350.978
730 337.991
731 329.577
732 333.321
733 333.314
734 346.036
735 364.169
736 359.472
737 364.888
738 357.747
739 347.128
740 342.543
741 343.303
742 343.076
743 348.556
744 337.619
745 334.441
746 341.309
747 331.995
748 345.722
749 334.981
750 342.086
751 351.634
752 349.518
753 326.317
754 334.405
755 347.435
756 338.956
757 326.206
758 345.018
759 341.477
760 347.211
761 349.47
762 341.48
763 345.235
764 338.915
765 352.15
766 363.632
767 345.765
768 350.518
769 345.899
770 337
771 335.563
772 339.708
773 334.695
774 344.206
775 342.859
776 337.44
777 335.858
778 359.901
779 352.624
780 341.355
781 341.557
782 343.873
783 342.396
784 350.111
785 341.775
786 334.814
787 344.908
788 346.99
789 340.994
790 330.65
791 334.193
792 339.537
793 351.693
794 344.76
795 348.621
796 338.439
797 340.672
798 345.807
799 336.536
800 340.891
801 339.723
802 333.963
803 352.084
804 341.044
805 340.631
806 352.682
807 342.335
808 329.107
809 326.695
810 322.89
811 330.191
812 337.479
813 328.806
814 336.419
815 336.353
816 345.051
817 344.516
818 338.609
819 335.226
820 332.083
821 321.797
822 327.689
823 341.334
824 333.229
825 348.337
826 329.76
827 336.048
828 325.092
829 329.223
830 322.203
831 324.484
832 335.846
833 346.694
834 344.543
835 335.151
836 328.9
837 335.436
838 339.056
839 338.863
840 339.485
841 345.166
842 335.847
843 329.263
844 329.307
845 323.083
846 339.664
847 350.778
848 340.871
849 359.333
850 336.428
851 330.438
852 335.189
853 337.729
854 351.677
855 346.329
856 341.064
857 331.974
858 332.927
859 330.527
860 318.943
861 341.439
862 323.824
863 336.823
864 350.996
865 342.466
866 338.549
867 334.296
868 318.489
869 320.88
870 333.972
871 331.802
872 334.794
873 340.022
874 347.927
875 343.145
876 332.495
877 324.026
878 337.951
879 341.748
880 328.888
881 329.777
882 343.571
883 346.029
884 347.766
885 340.988
886 342.14
887 337.996
888 343.135
889 333.871
890 342.472
891 342.948
892 347.618
893 349.034
894 339.73
895 337.925
896 327.923
897 333.243
898 344.055
899 323.423
900 342.242
901 341.489
902 341.782
903 339.395
904 322.215
905 342.447
906 327.179
907 343.314
908 346.972
909 329.245
910 331.795
911 337.921
912 332.161
913 311.147
914 323.226
915 314.903
916 329.365
917 323.273
918 341.444
919 315.329
920 329.395
921 337.139
922 324.652
923 332.506
924 340.195
925 341.336
926 339.072
927 341.707
928 341.653
929 338.108
930 338.429
931 334.344
932 318.835
933 345.906
934 332.516
935 327.98
936 347.307
937 340.086
938 341.555
939 340.869
940 347.129
941 340.015
942 329.649
943 345.615
944 323.844
945 329.361
946 323.081
947 335.258
948 334.383
949 329.364
950 319.399
951 322.077
952 343.535
953 334.154
954 348.646
955 331.591
956 330.068
957 341.724
958 332.261
959 337.109
960 340.155
961 347.347
962 322.318
963 329.508
964 331.82
965 333.69
966 334.473
967 330.911
968 323.897
969 337.749
970 317.939
971 324.42
972 328.762
973 331.877
974 337.478
975 331.551
976 341.974
977 349.139
978 338.551
979 343.941
980 340.485
981 323.342
982 342.508
983 326.567
984 319.211
985 329.874
986 331.317
987 334.62
988 328.903
989 328.493
990 338.795
991 341.91
992 340.98
993 337.77
994 334.539
995 335.125
996 340.855
997 337.28
998 325.163
999 313.511
