0 994.731
1 909.741
2 841.193
3 798.758
4 771.214
5 745.337
6 729.297
7 700.811
8 697.719
9 702.546
10 676.696
11 669.596
12 642.074
13 611.545
14 609.974
15 594.615
16 597.537
17 572.033
18 561.706
19 552.164
20 537.897
21 542.913
22 537.601
23 523.911
24 517.798
25 509.829
26 493.083
27 484.81
28 483.881
29 483.24
30 491.469
31 470.762
32 474.53
33 476.49
34 468.286
35 460.4
36 462.152
37 459.791
38 435.072
39 439.856
40 447.366
41 438.294
42 427.787
43 409.686
44 409.871
45 411.46
46 407.769
47 395.233
48 418.872
49 417.286
50 412.903
51 423.633
52 407.168
53 408.196
54 395.251
55 390.364
56 406.956
57 402.906
58 409.865
59 398.768
60 387.89
61 390.37
62 394.931
63 388.339
64 410.129
65 395.723
66 388.736
67 394.776
68 392.071
69 386.539
70 391.955
71 392.418
72 388.909
73 399.842
74 393.159
75 375.361
76 377.313
77 363.969
78 360.302
79 360.45
80 366.505
81 386.274
82 381.291
83 390.983
84 377.914
85 371.547
86 366.904
87 368.387
88 370.69
89 373.149
90 361.804
91 379.742
92 364.159
93 365.836
94 375.385
95 365.537
96 360.913
97 364.807
98 359.391
99 352.936
100 369.967
101 359.698
102 359.946
103 357.29
104 350.671
105 344.04
106 364.612
107 371.252
108 371.37
109 369.38
110 375.919
111 375.657
112 361.015
113 372.827
114 360.617
115 352.995
116 344.678
117 361.566
118 360.997
119 358.782
120 352.503
121 357.49
122 373.753
123 369.329
124 370.612
125 371.24
126 364.898
127 358.064
128 350.243
129 352.62
130 348.539
131 338.594
132 354.267
133 344.579
134 352.414
135 357.003
136 356.886
137 346.726
138 351.219
139 342.9
140 344.389
141 350.918
142 356.313
143 357.183
144 363.606
145 359.572
146 352.69
147 347.112
148 345.072
149 350.102
150 367.193
151 373.067
152 334.296
153 352.371
154 349.62
155 356.92
156 372.446
157 370.024
158 368.578
159 356.105
160 346.331
161 348.946
162 366.292
163 352.164
164 354.072
165 358.664
166 355.969
167 353.305
168 356.73
169 347.5
170 352.529
171 360.118
172 343.08
173 370.672
174 362.293
175 347.576
176 345.934
177 345.754
178 359.171
179 354.308
180 358.546
181 370.358
182 347.936
183 365.043
184 357.122
185 355.973
186 348.764
187 354.463
188 361.977
189 356.082
190 365.399
191 359.758
192 353.76
193 341.544
194 354.62
195 356.697
196 364.094
197 368.51
198 357.226
199 359.522
200 354.479
201 367.728
202 349.552
203 346.523
204 351.53
205 362.259
206 351.595
207 355.65
208 355.111
209 345.461
210 352.666
211 338.343
212 356.461
213 359.061
214 344.151
215 355.907
216 350.99
217 356.468
218 349.535
219 351.886
220 353.887
221 344.439
222 346.103
223 361.443
224 351.307
225 342.437
226 352.678
227 361.437
228 355.075
229 366.883
230 368.66
231 357.13
232 347.883
233 348.166
234 340.147
235 339.187
236 334.608
237 339.532
238 363.54
239 366.996
240 364.101
241 376.22
242 349.085
243 340.131
244 357.906
245 351.137
246 367.874
247 362.648
248 349.948
249 344.6
250 354.625
251 349.487
252 356.237
253 340.627
254 349.175
255 348.742
256 364.004
257 364.485
258 351.505
259 346.248
260 348.34
261 350.592
262 353.472
263 352.733
264 358.587
265 366.203
266 355.857
267 356.589
268 353.505
269 357.044
270 350.985
271 359.901
272 356.622
273 355.372
274 357.14
275 350.04
276 361.834
277 349.683
278 362.305
279 355.911
280 342.478
281 358.645
282 374.021
283 359.129
284 346.954
285 348.318
286 347.152
287 352.513
288 349.536
289 347.259
290 359.227
291 364.899
292 344.813
293 362.424
294 353.613
295 360.659
296 356.129
297 355.19
298 350.345
299 351.865
300 358.095
301 358.028
302 358.42
303 351.654
304 357.188
305 366.12
306 356.399
307 358.591
308 358.684
309 354.975
310 369.733
311 360.391
312 375.419
313 364.88
314 358.789
315 363.257
316 349.425
317 352.625
318 354.429
319 350.756
320 346.508
321 351.493
322 342.588
323 363.315
324 361.206
325 344.596
326 344.335
327 343.026
328 337.177
329 341.872
330 355.917
331 367.251
332 376.256
333 374.371
334 375.283
335 377.167
336 386.811
337 359.842
338 338.501
339 348.595
340 356.286
341 362.304
342 345.924
343 337.204
344 336.377
345 349.573
346 349.141
347 327.138
348 342.735
349 342.093
350 332.171
351 339.493
352 344.332
353 352.774
354 336.129
355 348.259
356 343.037
357 353.43
358 339.669
359 338.705
360 340.011
361 346.704
362 340.736
363 336.26
364 349.179
365 344.335
366 346.095
367 335.916
368 344.418
369 340.856
370 347.517
371 350.215
372 332.648
373 337.245
374 326.994
375 345.418
376 345.671
377 338.839
378 337.185
379 342.631
380 345.532
381 341.511
382 339.657
383 357.999
384 342.066
385 337.751
386 346.153
387 344.704
388 349.534
389 341.801
390 344.465
391 340.279
392 339.584
393 360.891
394 369.844
395 358.862
396 347.632
397 347.302
398 346.435
399 340.747
400 329.141
401 327.937
402 318.854
403 324.034
404 336.643
405 326.959
406 345.01
407 335.018
408 350.532
409 337.89
410 342.409
411 332.886
412 327.395
413 347.773
414 356.269
415 348.246
416 350.913
417 353.43
418 334.057
419 329.892
420 340.457
421 341.19
422 345.451
423 339.537
424 349.087
425 347.949
426 361.42
427 345.108
428 341.045
429 333.066
430 334.391
431 340.204
432 356.514
433 346.628
434 344.244
435 347.443
436 339.587
437 350.736
438 356.051
439 331.357
440 335.378
441 344.245
442 335.766
443 352.997
444 337.077
445 341.944
446 341.023
447 339.267
448 338.313
449 337.871
450 340.367
451 341.504
452 339.715
453 329.538
454 348.96
455 343.858
456 345.279
457 337.041
458 331.548
459 356.16
460 338.875
461 340.36
462 338.872
463 354.953
464 341.481
465 329.828
466 340.203
467 333.923
468 340.349
469 343.282
470 349.095
471 364.745
472 348.116
473 358.257
474 348.048
475 338.04
476 331.725
477 345.294
478 332.358
479 329.173
480 340.54
481 355.869
482 344.433
483 348.035
484 354.506
485 350.225
486 359.351
487 349.846
488 342.663
489 333.943
490 343.499
491 332.903
492 353.841
493 362.743
494 345.68
495 346.904
496 338.129
497 338.315
498 339.264
499 341.928
500 341.545
501 346.821
502 341.431
503 330.95
504 350.679
505 355.049
506 343.636
507 329.93
508 339.702
509 342.126
510 334.746
511 337.76
512 343.843
513 337.622
514 345.677
515 347.848
516 350.93
517 344.273
518 343.216
519 348.569
520 336.119
521 350.859
522 342.008
523 334.018
524 338.637
525 342.594
526 337.968
527 347.361
528 337.377
529 330.41
530 335.935
531 335.847
532 335.208
533 337.701
534 336.782
535 329.133
536 325.377
537 327.887
538 338.73
539 350.143
540 355.184
541 338.987
542 334.345
543 334.026
544 339.293
545 337.503
546 339.739
547 344.905
548 337.689
549 330.845
550 343.178
551 349.666
552 345.3
553 350.445
554 347.471
555 357.673
556 351.2
557 346.311
558 351.667
559 341.808
560 345.044
561 346.703
562 341.69
563 340.237
564 338.156
565 340.383
566 344.505
567 341.512
568 344.262
569 334.987
570 339.693
571 339.49
572 337.702
573 339.483
574 337.584
575 345.941
576 350.897
577 345.826
578 353.585
579 336.163
580 338.19
581 335.852
582 340.656
583 345.772
584 339.042
585 330.902
586 343.708
587 358.624
588 333.8
589 346.377
590 342.849
591 340.117
592 342.236
593 348.059
594 350.76
595 345.977
596 352.038
597 352.68
598 341.003
599 331.737
600 355.325
601 335.306
602 350.951
603 344.538
604 340.042
605 352.329
606 345.496
607 337.45
608 344.226
609 340.854
610 342.344
611 336.39
612 345.169
613 346.517
614 334.424
615 343.514
616 344.958
617 338.978
618 329.607
619 336.663
620 353.977
621 353.808
622 348.659
623 344.728
624 334.849
625 345.531
626 336.811
627 341.552
628 338.4
629 335.533
630 345.038
631 339.516
632 346.58
633 338.616
634 340.541
635 335.379
636 340.602
637 351.805
638 344.402
639 341.053
640 344.442
641 343.427
642 339.086
643 344.593
644 342.243
645 346.149
646 343.29
647 353.172
648 342.78
649 354.76
650 344.555
651 324.696
652 342.813
653 345.369
654 348.547
655 332.709
656 350.58
657 349.446
658 341.955
659 339.227
660 335.021
661 361.658
662 343.731
663 350.199
664 352.497
665 352.67
666 336.187
667 339.449
668 337.265
669 336.958
670 349.782
671 356.873
672 345.432
673 336.43
674 333.733
675 338.153
676 348.827
677 343.297
678 371.872
679 352.083
680 338.709
681 346.718
682 345.041
683 327.981
684 345.554
685 332.245
686 349.246
687 361.383
688 352.586
689 350.857
690 343.087
691 343.161
692 341.587
693 324.01
694 332.218
695 335.656
696 360.764
697 364.79
698 357.493
699 334.996
700 339.049
701 345.615
702 338.039
703 341.761
704 367.709
705 359.379
706 339.968
707 345.182
708 349.415
709 329.345
710 347.7
711 339.943
712 338.673
713 341.662
714 350.145
715 344.177
716 350.476
717 351.374
718 340.38
719 343.154
720 326.551
721 353.757
722 360.54
723 346.701
724 348.956
725 341.772
726 339.039
727 349.948
728 336.921
729 344.301
730 335.915
731 335.444
732 327.862
733 329.889
734 341.804
735 340.656
736 324.477
737 340.899
738 353.595
739 332.954
740 345.155
741 340.181
742 333.323
743 332.03
744 338.122
745 336.814
746 359.803
747 336.785
748 334.349
749 345.405
750 350.478
751 343.508
752 330.305
753 351.949
754 367.594
755 351.543
756 349.518
757 353.929
758 346.267
759 334.468
760 340.255
761 333.954
762 334.305
763 348.491
764 350.273
765 339.032
766 342.141
767 350.375
768 339.938
769 337.622
770 347.879
771 339.06
772 336.514
773 339.934
774 356.139
775 351.782
776 349.652
777 342.489
778 325.083
779 332.994
780 334.197
781 330.268
782 330.09
783 333.409
784 331.133
785 344.908
786 341.423
787 346.097
788 341.722
789 338.763
790 352.507
791 340.998
792 336.708
793 342.971
794 329.273
795 347.461
796 342.49
797 345.312
798 347.121
799 339.763
800 339.54
801 356.753
802 352.881
803 339.743
804 333.22
805 331.315
806 340.989
807 337.869
808 347.004
809 336.739
810 354.235
811 353.129
812 345.107
813 340.814
814 341.303
815 337.839
816 336.243
817 348.883
818 346.648
819 344.932
820 340.122
821 350.384
822 340.481
823 335.099
824 340.187
825 361.48
826 354.4
827 347.377
828 324.036
829 337.338
830 334.542
831 333.65
832 327.691
833 328.386
834 324.678
835 344.167
836 329.625
837 329.164
838 351.753
839 326.836
840 340.47
841 337.42
842 342.642
843 343.782
844 349.148
845 331.346
846 326.171
847 333.893
848 328.895
849 323.33
850 335.155
851 339.39
852 338.806
853 337.079
854 335.145
855 327.027
856 339.643
857 340.014
858 336.18
859 330.687
860 340.823
861 340.493
862 333.166
863 360.428
864 359.731
865 326.165
866 330.623
867 346.011
868 337.47
869 337.016
870 339.408
871 337.696
872 331.037
873 354.139
874 337.206
875 326.091
876 335.952
877 338.703
878 334.868
879 323.848
880 325.675
881 334.474
882 342.337
883 341.149
884 344.704
885 321.535
886 343.553
887 337.681
888 330.916
889 327.6
890 328.443
891 327.893
892 329.804
893 337.031
894 318.714
895 323.001
896 326.391
897 336.65
898 342.402
899 334.856
900 318.196
901 325.155
902 331.092
903 329.15
904 334.538
905 338.192
906 337.416
907 336.727
908 340.561
909 319.384
910 333.232
911 342.301
912 338.859
913 346.42
914 334.958
915 328.723
916 336.444
917 327.403
918 331.235
919 338.237
920 339.576
921 333.056
922 336.094
923 348.807
924 349.561
925 328.089
926 326.026
927 336.291
928 334.903
929 335.602
930 345.593
931 339.194
932 344.608
933 333.855
934 332.407
935 329.599
936 341.345
937 344.576
938 337.851
939 346.336
940 340.615
941 333.982
942 347.813
943 345.108
944 353.538
945 343.719
946 328.097
947 337.162
948 347.985
949 335.325
950 335.639
951 338.482
952 339.23
953 341.936
954 338.803
955 333.869
956 325.114
957 335.852
958 329.374
959 329.344
960 350.491
961 328.201
962 333.523
963 330.503
964 356.528
965 346.074
966 323.001
967 330.398
968 334.357
969 342.948
970 325.001
971 326.198
972 335.32
973 334.87
974 319.234
975 341.056
976 328.502
977 325.491
978 339.574
979 324.075
980 317.254
981 333.485
982 327.311
983 335.939
984 350.089
985 340.497
986 324.775
987 321.06
988 315.468
989 334.979
990 339.597
991 331.59
992 332.61
993 335.246
994 339.281
995 346.043
996 337.67
997 336.403
998 331.182
999 332.273
