0 997.061
1 916.347
2 861.779
3 816.481
4 774.089
5 754.166
6 721.916
7 674.542
8 625.921
9 595.288
10 584.081
11 576.675
12 566.271
13 571.97
14 552.197
15 549.62
16 529.174
17 514.836
18 517.261
19 507.396
20 490.424
21 512.471
22 499.07
23 464.555
24 470.774
25 462.808
26 449.273
27 454.508
28 454.711
29 445.98
30 438.774
31 440.854
32 455.73
33 435.084
34 425.834
35 435.92
36 429.911
37 418.726
38 434.079
39 417.561
40 406.499
41 398.421
42 400.966
43 399.673
44 397.909
45 396.697
46 392.679
47 399.642
48 404.841
49 399.813
50 386.661
51 389.521
52 381.034
53 371.943
54 385.62
55 419.704
56 410.021
57 409.145
58 391.768
59 396.963
60 400.687
61 401.336
62 413.229
63 392.131
64 384.147
65 383.528
66 379.52
67 378.438
68 376.001
69 383.893
70 375.343
71 382.846
72 372.214
73 366.968
74 367.576
75 366.953
76 376.436
77 374.77
78 370.391
79 367.713
80 367.721
81 381.222
82 363.41
83 367.499
84 368.154
85 383.903
86 369.293
87 377.046
88 369.314
89 366.84
90 382.57
91 371.178
92 368.589
93 368.933
94 366.986
95 376.544
96 374.543
97 367.229
98 368.381
99 373.494
100 381.746
101 364.462
102 371.548
103 370.675
104 365.835
105 377.851
106 367.126
107 376.69
108 364.683
109 364.466
110 373.279
111 369.62
112 372.024
113 363.237
114 372.574
115 363.626
116 364.047
117 354.519
118 361.767
119 369.906
120 360.807
121 371.09
122 358.849
123 372.5
124 363.049
125 373.661
126 365.705
127 374.293
128 361.378
129 355.976
130 368.691
131 364.473
132 370.085
133 363.105
134 359.495
135 357.756
136 350.526
137 355.902
138 354
139 360.309
140 343.54
141 353.422
142 359.267
143 350.68
144 348.047
145 362.393
146 359.493
147 347.545
148 356.635
149 347.405
150 346.397
151 353.896
152 347.387
153 353.846
154 348.1
155 344.137
156 365.281
157 358.522
158 353.539
159 363.298
160 358.554
161 360.621
162 366.074
163 364.273
164 365.038
165 373.739
166 372.761
167 377.872
168 363.538
169 345.522
170 355.942
171 365.857
172 362.216
173 351.208
174 351.963
175 358.192
176 348.923
177 347.161
178 347.382
179 342.589
180 340.656
181 348.225
182 340.547
183 364.452
184 342.193
185 352.67
186 350.308
187 357.071
188 361.585
189 351.853
190 342.196
191 351.785
192 346.664
193 358.779
194 354.054
195 347.724
196 343.065
197 354.291
198 363.675
199 365.459
200 355.671
201 341.476
202 354.3
203 351.188
204 362.409
205 376.136
206 364.706
207 349.327
208 352.349
209 357.813
210 354.947
211 359.046
212 352.198
213 355.252
214 373.515
215 358.7
216 351.916
217 351.562
218 362.341
219 363.34
220 358.968
221 354.448
222 354.133
223 359.001
224 358.574
225 366.341
226 365.955
227 359.308
228 358.559
229 362.218
230 343.979
231 349.056
232 341.031
233 347.737
234 342.24
235 358.632
236 372.376
237 361.56
238 348.67
239 353.502
240 343.774
241 346.347
242 355.438
243 352.086
244 359.222
245 359.307
246 359.227
247 340.777
248 348.212
249 348.802
250 355.684
251 369.592
252 352.927
253 353.239
254 340.789
255 358.844
256 364.02
257 350.716
258 351.586
259 351.677
260 355.722
261 342.565
262 329.632
263 330.81
264 350.79
265 344.165
266 343.265
267 340.767
268 333.175
269 339.492
270 339.998
271 324.591
272 343.942
273 339.104
274 349.309
275 337.773
276 345.55
277 324.853
278 342.028
279 347.638
280 341.802
281 339.373
282 342.849
283 343.829
284 338.296
285 341.019
286 339.874
287 339.198
288 339.961
289 343.459
290 338.28
291 344.467
292 333.356
293 347.1
294 342.569
295 348.123
296 349.369
297 358.648
298 343.071
299 346.494
300 335.38
301 327.063
302 336.863
303 341.362
304 350.663
305 345.782
306 339.15
307 339.247
308 334.351
309 336.468
310 350.865
311 357.803
312 363.851
313 347.237
314 334.951
315 353.109
316 354.314
317 353.352
318 343.249
319 350.448
320 351.613
321 339.031
322 341.003
323 346.415
324 343.593
325 354.234
326 350.459
327 334.927
328 337.223
329 336.056
330 335.145
331 343.784
332 345.093
333 355.826
334 346.534
335 350.774
336 343.178
337 338.844
338 343.154
339 341.271
340 343.134
341 334.51
342 344.007
343 354.082
344 336.775
345 338.201
346 337.513
347 348.228
348 343.81
349 336.449
350 351.787
351 331.934
352 348.964
353 344.904
354 351.177
355 354.867
356 360.298
357 352.325
358 345.224
359 340.265
360 342.59
361 341.23
362 365.278
363 359.464
364 356.472
365 337.558
366 363.487
367 338.266
368 326.753
369 341.911
370 344.478
371 353.778
372 348.089
373 333.042
374 352.98
375 344.053
376 348.011
377 341.3
378 335.295
379 335.232
380 348.179
381 347.383
382 330.585
383 356.256
384 338.63
385 344.132
386 347.96
387 342.497
388 339.331
389 342.473
390 347.66
391 339.816
392 342.664
393 338.103
394 340.752
395 349.246
396 341.991
397 352.457
398 345.725
399 329.239
400 336.097
401 350.435
402 356.435
403 360.717
404 348.055
405 344.109
406 339.684
407 342.975
408 340.302
409 329.544
410 333.348
411 341.55
412 343.096
413 342.825
414 340.777
415 346.345
416 343.013
417 356.843
418 348.902
419 335.53
420 344.805
421 339.538
422 341.008
423 356.325
424 342.449
425 336.754
426 343.451
427 348.509
428 330.704
429 338.168
430 349.774
431 336.678
432 327.321
433 350.697
434 349.813
435 344.468
436 338.795
437 329.167
438 340.251
439 338.025
440 336.793
441 335.234
442 348.686
443 337.883
444 327.353
445 356.432
446 355.668
447 343.57
448 345.348
449 347.707
450 340.396
451 339.329
452 361.753
453 343.057
454 341.43
455 337.859
456 344.532
457 342.859
458 328.25
459 357.121
460 348.156
461 332.957
462 341.412
463 336.566
464 344.418
465 325.943
466 333.515
467 330.369
468 346.941
469 341.138
470 338.992
471 353.452
472 346.576
473 337.584
474 343.263
475 341.219
476 337.572
477 341.541
478 339.142
479 350.106
480 345.454
481 349.681
482 340.098
483 339.379
484 329.479
485 330.978
486 343.599
487 328.484
488 330.305
489 333.498
490 338.552
491 345.515
492 342.954
493 345.598
494 349.67
495 339.248
496 333.507
497 337.065
498 342.033
499 350.023
500 327.425
501 338.553
502 335.243
503 336.222
504 332.258
505 334.089
506 349.19
507 360.157
508 350.309
509 350.849
510 340.593
511 349.009
512 338.474
513 346.169
514 353.355
515 351.767
516 343.114
517 347.625
518 348.367
519 330.456
520 367.845
521 348.508
522 338.947
523 334.268
524 342.531
525 339.952
526 355.851
527 345.817
528 341.263
529 336.521
530 354.875
531 341.686
532 344.023
533 336.068
534 329.957
535 334.964
536 331.265
537 322.2
538 329.452
539 341.234
540 342.943
541 329.207
542 323.352
543 319.556
544 330.366
545 324.24
546 335.069
547 332.638
548 348.462
549 353.975
550 338.43
551 345.353
552 342.486
553 331.91
554 350.281
555 341.213
556 323.437
557 339.54
558 326.128
559 349.06
560 343.834
561 331.273
562 327.582
563 335.197
564 321.677
565 335.684
566 346.786
567 342.456
568 335.635
569 351.958
570 351.13
571 338.383
572 326.694
573 344.415
574 350.625
575 332.885
576 327.592
577 328.307
578 336.122
579 326.806
580 336.457
581 331.332
582 326.69
583 318.972
584 334.054
585 332.057
586 323.262
587 322.159
588 332.626
589 335.843
590 328.074
591 325.912
592 330.468
593 333.384
594 333.712
595 331.746
596 328.244
597 336.732
598 326.773
599 329.284
600 337.643
601 343.786
602 338.363
603 337.024
604 352.807
605 331.794
606 332.139
607 326.24
608 336.006
609 334.904
610 328.473
611 346.693
612 338.901
613 344.34
614 342.156
615 341.66
616 336.681
617 324.671
618 334.613
619 338.509
620 341.149
621 343.484
622 343.945
623 338.368
624 325.221
625 318.481
626 321.254
627 332.847
628 333.973
629 345.929
630 338.38
631 336.973
632 334.215
633 336.285
634 345.5
635 315.238
636 331.545
637 339.654
638 347.804
639 329.879
640 331.298
641 339.971
642 329.152
643 342.922
644 324.632
645 336.163
646 336.51
647 322.638
648 331.434
649 341.866
650 342.917
651 333.484
652 344.911
653 329.317
654 332.288
655 330.181
656 332.84
657 338.914
658 342.154
659 353.81
660 342.462
661 334.946
662 324.414
663 330.2
664 339.949
665 330.666
666 325.933
667 341.616
668 332.898
669 333.029
670 333.29
671 325.946
672 343.051
673 335.02
674 334.458
675 325.518
676 325.033
677 322.351
678 328.982
679 330.424
680 343.033
681 328.367
682 341.571
683 332.187
684 332.218
685 330.983
686 333.951
687 345.759
688 345.986
689 348.898
690 329.019
691 329.899
692 335.842
693 343.437
694 355.078
695 346.945
696 343.69
697 342.946
698 352.993
699 322.226
700 335.281
701 350.649
702 326.846
703 330.808
704 337.482
705 335.247
706 323.098
707 323.185
708 334.001
709 320.459
710 329.608
711 327.479
712 327.072
713 345.66
714 336.4
715 322.922
716 334.702
717 335.792
718 332.866
719 348.27
720 343.104
721 336.07
722 341.807
723 314.096
724 338.142
725 335.823
726 347.284
727 325.029
728 329.185
729 342.451
730 338.178
731 338.263
732 330.706
733 337.805
734 346.932
735 322.903
736 343.754
737 348.152
738 361.118
739 337.742
740 343.335
741 346.64
742 342.994
743 341.428
744 333.984
745 333.467
746 342.978
747 331.365
748 354.879
749 338.625
750 345.29
751 320.523
752 322.458
753 325.655
754 328.407
755 331.808
756 340.444
757 332.679
758 336.873
759 326.308
760 331.844
761 336.637
762 316.45
763 327.508
764 338.29
765 338.769
766 343.086
767 333.433
768 335.261
769 338.976
770 327.989
771 344.512
772 348.842
773 348.763
774 350.396
775 345.883
776 340.099
777 345.514
778 335.645
779 334.757
780 340.334
781 349.97
782 343.572
783 334.707
784 330.136
785 326.153
786 341.864
787 341.745
788 340.059
789 327.19
790 323.99
791 327.755
792 340.574
793 344.609
794 325.682
795 322.275
796 334.564
797 336.108
798 343.202
799 344.503
800 343.104
801 322.213
802 327.066
803 336.031
804 327.584
805 333.882
806 342.657
807 345.014
808 339.02
809 321.251
810 329.549
811 323.488
812 323.054
813 318.8
814 318.026
815 337.598
816 345.296
817 324.15
818 334.984
819 335.974
820 334.709
821 335.634
822 336.799
823 332.216
824 330.477
825 329.709
826 315.975
827 327.371
828 333.531
829 329.046
830 330.821
831 336.138
832 341.93
833 341.271
834 320.313
835 322.57
836 334.16
837 347.484
838 337.182
839 345.372
840 335.51
841 342.227
842 328.652
843 337.264
844 332.932
845 338.887
846 334.506
847 337.264
848 334.895
849 328.15
850 345.448
851 345.676
852 326.845
853 332.345
854 339.314
855 336.723
856 332.856
857 323.599
858 329.098
859 353.269
860 339.987
861 342.974
862 332.334
863 326.587
864 334.488
865 333.914
866 331.372
867 329.73
868 325.269
869 326.536
870 323.365
871 331.736
872 338.568
873 333.415
874 323.108
875 328.301
876 335.194
877 339.335
878 344.353
879 344.316
880 337.165
881 332.03
882 330.893
883 339.668
884 338.861
885 323.729
886 335.373
887 323.316
888 322.321
889 338.076
890 327.862
891 338.1
892 330.878
893 330.781
894 355.073
895 343.272
896 336.068
897 349.548
898 328.854
899 332.196
900 331.311
901 323.677
902 341.31
903 343.811
904 338.047
905 339.381
906 332.224
907 332.566
908 345.812
909 324.626
910 339.882
911 327.888
912 342.026
913 332.849
914 348.874
915 332.525
916 334.868
917 325.008
918 324.647
919 336.515
920 327.042
921 342.048
922 355.326
923 345.465
924 340.667
925 324.519
926 324.275
927 340.412
928 359.652
929 338.156
930 341.428
931 332.351
932 330.936
933 338.438
934 335.067
935 331.201
936 336.08
937 333.313
938 338.821
939 337.784
940 328.157
941 343.827
942 346.028
943 334.805
944 328.711
945 322.82
946 329.249
947 340.9
948 328.582
949 329.919
950 331.572
951 338.135
952 328.482
953 331.838
954 336.885
955 337.642
956 320.477
957 330.092
958 338.348
959 322.914
960 341.699
961 345.161
962 333.642
963 330.438
964 334.412
965 335.714
966 323.329
967 329.338
968 326.471
969 335.133
970 332.414
971 327.483
972 332.236
973 331.738
974 339.562
975 342.667
976 328.373
977 329.563
978 331.223
979 335.678
980 331.89
981 335.769
982 341.128
983 346.023
984 336.588
985 337.529
986 350.306
987 325.213
988 350.143
989 340.081
990 334.455
991 328.089
992 327.736
993 320.058
994 330.312
995 349.696
996 331.099
997 316.399
998 332.985
999 336.463
