0 989.381
1 894.485
2 843.159
3 793.579
4 755.385
5 739.489
6 718.352
7 694.351
8 676.394
9 653.436
10 659.733
11 654.997
12 630.572
13 621.287
14 591.486
15 592.556
16 578.963
17 570.224
18 557.62
19 559.471
20 540.523
21 535.271
22 528.096
23 521.703
24 518.149
25 530.192
26 521.04
27 515.135
28 515.938
29 516.662
30 514.349
31 528.093
32 523.888
33 497.684
34 486.297
35 481.033
36 479.052
37 467.817
38 474.339
39 477.454
40 455.758
41 468.721
42 458.627
43 446.354
44 456.715
45 447.169
46 452.062
47 438.125
48 438.512
49 453.118
50 443.954
51 451.601
52 452.895
53 442.648
54 446.718
55 450.71
56 461.847
57 447.929
58 439.809
59 449.312
60 448.651
61 437.447
62 436.121
63 445.11
64 434.061
65 428.168
66 427.44
67 421.067
68 431.946
69 437.939
70 430.332
71 429.704
72 433.723
73 429.044
74 426.281
75 436.145
76 434.986
77 447.951
78 446.33
79 437.499
80 441.78
81 435.599
82 428.224
83 433.445
84 428.379
85 435.991
86 440.683
87 434.301
88 438.849
89 423.784
90 423.129
91 431.049
92 429.096
93 439.134
94 430.247
95 433.245
96 431.095
97 429.257
98 431.053
99 440.229
100 431.949
101 437.915
102 426.359
103 419.992
104 410.896
105 424.216
106 418.129
107 389.259
108 365.154
109 361.893
110 354.514
111 351.349
112 353.098
113 369.475
114 364.612
115 379.275
116 397.684
117 372.255
118 365.547
119 372.457
120 350.031
121 356.694
122 359.106
123 357.975
124 351.473
125 352.777
126 348.423
127 358.631
128 359.583
129 352.927
130 360.36
131 361.74
132 345.458
133 349.783
134 353.706
135 361.924
136 357.731
137 349.304
138 354.885
139 349.74
140 363.107
141 364.777
142 356.37
143 351.794
144 359.545
145 368.725
146 363.727
147 366.011
148 356.484
149 347.627
150 349.23
151 351.244
152 356.641
153 359.212
154 365.395
155 359.476
156 359.534
157 348.779
158 348.617
159 342.738
160 343.418
161 346.205
162 351.571
163 354.738
164 370.062
165 347.89
166 367.449
167 366.954
168 352.771
169 354.482
170 366.878
171 347.398
172 378.485
173 348.985
174 355.232
175 366.2
176 361.96
177 358.022
178 347.382
179 361.496
180 359.777
181 367.299
182 354.144
183 344.353
184 356.374
185 354.978
186 344.126
187 359.11
188 351.589
189 361.142
190 361.395
191 344.1
192 343.794
193 350.178
194 367.691
195 364.027
196 363.062
197 351.956
198 351.051
199 346.56
200 338.809
201 361.007
202 362.477
203 358.174
204 353.616
205 360.751
206 343.353
207 366.873
208 355.079
209 371.121
210 355.773
211 353.678
212 346.963
213 347.042
214 348.506
215 340.322
216 360.137
217 363.995
218 350.753
219 360.557
220 361.259
221 353.232
222 345.886
223 351.463
224 362.426
225 342.56
226 356.596
227 355.906
228 349.477
229 350.613
230 356.85
231 361.944
232 353.334
233 346.193
234 372.493
235 360.44
236 353.912
237 351.812
238 353.314
239 352.783
240 360.607
241 345.924
242 352.542
243 354.587
244 362.387
245 365.536
246 350.941
247 339.096
248 352.463
249 354.576
250 365.37
251 358.204
252 359.782
253 341.896
254 351.463
255 344.812
256 352.513
257 350.387
258 349.201
259 350.21
260 357.03
261 363.829
262 358.935
263 353.539
264 348.831
265 342.908
266 348.038
267 346.847
268 346.621
269 339.491
270 336.91
271 341.982
272 351.902
273 353.25
274 343.93
275 341.496
276 341.207
277 351.681
278 347.102
279 338.659
280 333.619
281 325.1
282 332.769
283 350.077
284 328.577
285 334.13
286 342.606
287 338.832
288 337.107
289 346.338
290 348.478
291 336.737
292 338.188
293 344.087
294 345.67
295 347.662
296 335.999
297 342.238
298 328.643
299 329.83
300 337.253
301 350.386
302 340.844
303 339.59
304 353.344
305 344.737
306 339.827
307 349.316
308 332.827
309 343.572
310 333.782
311 338.148
312 330.93
313 343.541
314 336.693
315 337.607
316 349.927
317 335.678
318 342.6
319 344.307
320 348.096
321 342.814
322 339.676
323 345.082
324 352.053
325 330.384
326 348.605
327 353.536
328 347.226
329 348.419
330 341.972
331 353.626
332 348.274
333 347.166
334 348.271
335 336.069
336 348.613
337 351.47
338 354.783
339 338.817
340 335.18
341 352.162
342 339.606
343 335.543
344 366.17
345 337.327
346 342.325
347 331.131
348 341.096
349 342.044
350 343.84
351 336.524
352 350.903
353 335.207
354 342.107
355 353.205
356 346.64
357 350.549
358 358.403
359 344.846
360 331.819
361 329.388
362 345.738
363 340.827
364 339.82
365 340.868
366 332.103
367 327.05
368 332.113
369 342.892
370 337.687
371 340.826
372 326.609
373 338.679
374 331.323
375 338.962
376 331.357
377 355.357
378 365.274
379 350.89
380 323.651
381 334.761
382 336.606
383 335.403
384 349.333
385 344.461
386 335.68
387 334.165
388 336.388
389 332.361
390 342.805
391 346.549
392 351.707
393 347.459
394 343.728
395 346.902
396 342.696
397 354.029
398 348.573
399 363.851
400 365.496
401 352.33
402 349.896
403 350.081
404 332.271
405 337.353
406 338.832
407 332.676
408 335.227
409 340.026
410 343.01
411 329.721
412 340.373
413 348.674
414 358.119
415 348.477
416 362.142
417 346.919
418 362.642
419 341.82
420 356.998
421 342.541
422 343.586
423 351.298
424 358.085
425 350.328
426 368.866
427 358.564
428 353.577
429 349.646
430 349.528
431 330.031
432 343.984
433 354.728
434 349.138
435 355.523
436 349.488
437 350.768
438 333.621
439 344.522
440 337.732
441 332.46
442 346.09
443 346.834
444 339.181
445 358
446 359.801
447 340.127
448 359.239
449 359.905
450 359.572
451 345.082
452 345.462
453 345.688
454 361.81
455 351.911
456 362.006
457 344.778
458 358.551
459 335.124
460 341.94
461 343.696
462 346.909
463 343.544
464 359.001
465 344.315
466 342.106
467 343.309
468 337.673
469 348.661
470 364.995
471 335.666
472 333.521
473 325.585
474 324.574
475 332.888
476 334.11
477 338.62
478 351.501
479 345.149
480 343.747
481 333.223
482 327.313
483 351.888
484 349.971
485 338.007
486 347.957
487 364.184
488 358.152
489 346.84
490 352.755
491 342.226
492 335.093
493 334.002
494 330.225
495 343.084
496 346.086
497 351.612
498 329.707
499 332.584
500 326.653
501 343.6
502 357.866
503 346.237
504 342.873
505 342.333
506 348.891
507 330.812
508 326.482
509 344.777
510 351.078
511 336.801
512 327.788
513 330.082
514 336.089
515 349.433
516 344.343
517 342.633
518 344.678
519 356.956
520 352.29
521 354.633
522 340.594
523 340.459
524 341.353
525 342.767
526 335.909
527 347.116
528 354.329
529 351.238
530 355.861
531 344.289
532 350.856
533 334.697
534 347.406
535 331.458
536 346.076
537 329.896
538 342.704
539 336.75
540 343.648
541 346.017
542 346.899
543 347.316
544 325.027
545 328.689
546 345.884
547 348.296
548 349.766
549 339.936
550 334.749
551 346.08
552 346.323
553 349.646
554 333.418
555 334.243
556 335.746
557 347.989
558 344.758
559 348.478
560 348.903
561 348.98
562 335.587
563 337.74
564 331.607
565 342.661
566 342.085
567 354.414
568 342.518
569 344.431
570 339.117
571 349.634
572 338.281
573 340.73
574 342.893
575 358.284
576 360.469
577 345.707
578 335.946
579 352.259
580 351.054
581 338.046
582 341.658
583 342.473
584 342.074
585 345.895
586 345.969
587 349.875
588 343.312
589 345.78
590 349.642
591 342.652
592 350.038
593 346.742
594 341.396
595 329.503
596 335.554
597 347.741
598 362.752
599 343.64
600 339.77
601 343.801
602 352.445
603 357.513
604 349.856
605 355.029
606 369.788
607 353.536
608 342.975
609 350.195
610 338.713
611 340.857
612 350.58
613 334.625
614 320.27
615 326.642
616 326.613
617 330.109
618 328.828
619 340.743
620 338.587
621 340.75
622 333.737
623 339.16
624 336.235
625 343.672
626 326.194
627 321.895
628 328.025
629 325.485
630 326.086
631 326.126
632 324.254
633 330.207
634 335.616
635 329.09
636 328.756
637 339.975
638 334.01
639 319.134
640 316.563
641 338.141
642 328.819
643 322.243
644 322.656
645 331.502
646 329.285
647 321.95
648 325.225
649 328.871
650 333.569
651 337.97
652 351.932
653 331.731
654 340.937
655 325.923
656 343.391
657 345.994
658 342.493
659 332.761
660 338.299
661 330.046
662 334.29
663 330.492
664 331.158
665 330.634
666 337.264
667 335.788
668 321.966
669 331.425
670 347.93
671 329.446
672 322.779
673 335.861
674 336.568
675 337.423
676 324.943
677 345.49
678 344.097
679 340.651
680 341.665
681 331.375
682 332.289
683 336.758
684 336.466
685 333.396
686 329.887
687 328.997
688 315.963
689 323.787
690 329.613
691 340.813
692 334.462
693 335.916
694 331.33
695 324.262
696 332.461
697 330.195
698 353.907
699 342.537
700 327.748
701 326.17
702 328.545
703 343.359
704 332.849
705 342.926
706 323.425
707 345.286
708 336.611
709 331.665
710 327.946
711 335.217
712 343.112
713 329.162
714 334.838
715 330.064
716 334.688
717 322.784
718 329.164
719 337.723
720 335.824
721 347.621
722 328.299
723 341.416
724 342.878
725 326.199
726 325.797
727 325.692
728 330.966
729 339.442
730 337.162
731 330.918
732 339.558
733 337.375
734 328.701
735 344.268
736 334.339
737 347.41
738 337.153
739 337.63
740 330.264
741 343.259
742 338.485
743 331.208
744 327.319
745 345.481
746 343.251
747 325.087
748 339.245
749 341.499
750 348.347
751 336.486
752 336.903
753 342.564
754 350.393
755 337.439
756 353.568
757 349.649
758 328.385
759 334.42
760 320.688
761 335.625
762 337.268
763 339.973
764 325.408
765 332.753
766 330.701
767 320.464
768 329.317
769 336.671
770 344.133
771 339.667
772 344.28
773 322.177
774 337.714
775 333.038
776 336.445
777 336.246
778 335.316
779 337.88
780 330.803
781 349.497
782 346.217
783 343.165
784 326.734
785 340.073
786 325.686
787 333.846
788 337.231
789 338.567
790 341.45
791 334.859
792 329.575
793 336.519
794 324.768
795 332.602
796 330.075
797 323.088
798 328.693
799 328.601
800 346.685
801 333.507
802 316.076
803 328.139
804 329.791
805 331.341
806 326.063
807 328.907
808 329.909
809 334.809
810 339.422
811 322.51
812 333.224
813 342.646
814 333.885
815 342.34
816 332.093
817 325.487
818 325.521
819 344.597
820 349.198
821 327.607
822 328.171
823 346.786
824 329.115
825 329.714
826 330.675
827 334.8
828 334.238
829 341.919
830 329.934
831 335.814
832 349.372
833 333.395
834 334.789
835 329.278
836 341.89
837 337.78
838 340.535
839 336.177
840 336.806
841 342.785
842 338.264
843 343.086
844 340.568
845 342.458
846 342.566
847 336.549
848 349.724
849 340.295
850 339.879
851 333.419
852 340.418
853 333.573
854 323.982
855 322.032
856 331.991
857 332.682
858 330.974
859 317.341
860 330.664
861 322.523
862 338.915
863 332.25
864 329.24
865 330.466
866 333.849
867 324.247
868 329.19
869 340.282
870 344.654
871 332.299
872 330.736
873 328.394
874 348.188
875 338.251
876 328.376
877 336.621
878 324.634
879 339.057
880 336.658
881 345.636
882 323.901
883 344.609
884 337.319
885 340.245
886 339.407
887 339.469
888 350.01
889 345.989
890 338.291
891 348.928
892 340.647
893 328.407
894 333.312
895 330.224
896 346.359
897 335.887
898 335.76
899 339.364
900 339.325
901 347.57
902 332.663
903 340.734
904 317.715
905 327.954
906 334.926
907 342.304
908 331.886
909 345.922
910 339.878
911 348.471
912 357.804
913 326.305
914 342.673
915 328.94
916 332.318
917 339.023
918 340.827
919 334.568
920 334.625
921 324.137
922 328.953
923 321.215
924 326.789
925 325.327
926 327.834
927 340.737
928 337.374
929 325.889
930 329.702
931 349.087
932 333.684
933 336.644
934 336.989
935 342.172
936 331.496
937 332.358
938 326.695
939 336.469
940 333.54
941 332.059
942 338.748
943 338.265
944 327.96
945 337.671
946 335.216
947 335.052
948 337.739
949 337.233
950 333.491
951 337.438
952 328.896
953 333.958
954 345.991
955 338.778
956 341.151
957 338.921
958 331.688
959 328.641
960 327.925
961 332.714
962 332.664
963 330.168
964 330.519
965 335.873
966 343.095
967 334.6
968 347.333
969 342.992
970 328.834
971 330.357
972 329.533
973 330.716
974 325.427
975 330.368
976 330.501
977 325.297
978 321.405
979 334.315
980 345.37
981 333.903
982 324.169
983 334.722
984 338.481
985 356.448
986 340.55
987 343.109
988 334.779
989 323.869
990 336.876
991 341.403
992 338.413
993 346.028
994 354.985
995 331.013
996 343.296
997 328.429
998 330.004
999 323.887
