0 786.86
1 763.115
2 719.295
3 693.795
4 681.998
5 671.329
6 637.259
7 613.781
8 599.743
9 596.475
10 590.323
11 557.447
12 536.409
13 512.648
14 508.478
15 508.254
16 494.276
17 479.91
18 474.183
19 468.797
20 458.596
21 445.827
22 437.312
23 424.357
24 424.224
25 415.03
26 414.078
27 406.086
28 402.532
29 401.563
30 400.625
31 397.832
32 387.78
33 386.819
34 385.153
35 381.078
36 371.43
37 367.503
38 367.503
39 364.644
40 360.553
41 360.553
42 355.585
43 352.586
44 349.846
45 349.846
46 345.741
47 345.741
48 343.928
49 343.928
50 340.707
51 335.704
52 335.704
53 335.704
54 335.704
55 334.109
56 334.109
57 333.132
58 333.132
59 333.132
60 333.132
61 333.132
62 333.132
63 332.88
64 332.88
65 326.232
66 326.232
67 326.187
68 325.177
69 324.577
70 324.236
71 312.738
72 312.738
73 312.138
74 312.138
75 312.138
76 312.138
77 312.138
78 312.138
79 312.138
80 310.84
81 310.84
82 309.997
83 309.997
84 309.997
85 309.845
86 309.845
87 309.845
88 309.845
89 309.845
90 309.845
91 305.497
92 305.497
93 305.497
94 305.497
95 305.31
96 305.31
97 303.051
98 303.051
99 303.051
100 303.051
101 303.051
102 300.595
103 300.595
104 300.595
105 300.595
106 300.595
107 299.594
108 299.33
109 299.33
110 296.373
111 296.373
112 294.776
113 294.776
114 294.776
115 294.776
116 294.776
117 294.776
118 294.776
119 294.776
120 294.776
121 294.776
122 294.172
123 294.172
124 294.172
125 294.172
126 294.172
127 294.172
128 294.172
129 294.172
130 294.172
131 294.172
132 292.998
133 292.998
134 292.998
135 292.998
136 292.998
137 292.998
138 292.998
139 292.998
140 292.998
141 292.998
142 292.998
143 292.998
144 292.998
145 292.998
146 292.998
147 292.998
148 292.998
149 292.998
150 292.998
151 292.998
152 292.998
153 292.998
154 292.998
155 292.998
156 292.998
157 292.998
158 292.998
159 292.998
160 292.998
161 292.998
162 292.998
163 292.998
164 292.998
165 292.998
166 292.998
167 292.998
168 292.998
169 292.998
170 292.998
171 292.998
172 292.998
173 292.998
174 292.998
175 292.998
176 292.998
177 292.998
178 292.998
179 292.998
180 292.998
181 292.998
182 292.998
183 292.998
184 292.998
185 292.998
186 292.998
187 292.998
188 292.998
189 292.998
190 292.998
191 292.998
192 292.998
193 292.998
194 292.998
195 292.998
196 292.998
197 292.998
198 292.998
199 292.998
200 292.998
201 292.998
202 292.998
203 292.998
204 292.998
205 292.998
206 292.998
207 292.998
208 292.998
209 292.998
210 292.998
211 292.998
212 292.998
213 292.998
214 292.998
215 292.998
216 292.998
217 292.998
218 292.998
219 292.998
220 292.998
221 292.998
222 292.998
223 292.998
224 292.998
225 292.998
226 292.998
227 292.998
228 292.998
229 292.998
230 292.998
231 292.998
232 292.998
233 292.998
234 292.998
235 292.998
236 292.998
237 292.998
238 292.998
239 292.998
240 292.998
241 292.998
242 292.998
243 292.998
244 292.998
245 292.998
246 292.998
247 292.998
248 292.998
249 292.998
250 292.998
251 292.998
252 292.998
253 292.998
254 292.998
255 292.998
256 292.998
257 292.998
258 292.998
259 292.998
260 292.998
261 292.998
262 292.998
263 292.998
264 292.998
265 292.998
266 292.998
267 292.998
268 292.998
269 292.998
270 292.998
271 292.998
272 292.998
273 292.998
274 292.998
275 292.998
276 292.998
277 292.998
278 292.998
279 292.998
280 292.998
281 292.998
282 292.998
283 292.998
284 292.998
285 292.998
286 292.998
287 292.998
288 292.998
289 292.998
290 292.998
291 292.998
292 292.998
293 292.998
294 292.998
295 292.998
296 292.998
297 292.998
298 292.998
299 292.998
300 292.998
301 292.998
302 292.998
303 292.998
304 292.998
305 292.998
306 292.998
307 292.998
308 292.998
309 292.998
310 292.403
311 291.964
312 291.964
313 291.964
314 291.964
315 291.964
316 291.534
317 291.534
318 290.889
319 290.889
320 290.889
321 290.889
322 290.889
323 290.889
324 290.889
325 290.889
326 290.889
327 290.889
328 290.889
329 290.599
330 290.021
331 290.021
332 290.021
333 290.021
334 288.603
335 288.603
336 288.603
337 288.603
338 288.603
339 288.603
340 280.922
341 280.922
342 280.922
343 280.922
344 280.922
345 280.922
346 280.922
347 280.922
348 280.922
349 280.922
350 280.922
351 280.922
352 280.922
353 280.922
354 280.922
355 280.922
356 280.922
357 280.922
358 280.922
359 280.922
360 280.922
361 280.922
362 280.922
363 280.922
364 280.922
365 280.922
366 280.922
367 280.922
368 280.922
369 280.922
370 280.922
371 280.922
372 280.922
373 280.922
374 280.922
375 280.922
376 280.922
377 280.922
378 280.922
379 280.922
380 280.922
381 280.922
382 280.922
383 280.922
384 280.922
385 280.922
386 280.922
387 280.922
388 280.922
389 280.922
390 280.922
391 280.922
392 280.922
393 280.922
394 280.922
395 280.922
396 280.922
397 280.922
398 280.922
399 280.922
400 280.922
401 280.922
402 280.922
403 280.922
404 280.922
405 280.922
406 280.922
407 280.922
408 280.922
409 280.922
410 280.922
411 280.922
412 280.922
413 280.922
414 280.922
415 280.922
416 280.922
417 280.922
418 280.922
419 280.922
420 280.922
421 280.922
422 280.922
423 280.922
424 280.922
425 280.922
426 280.922
427 280.922
428 280.922
429 280.922
430 280.922
431 280.922
432 280.922
433 280.922
434 280.922
435 280.922
436 280.922
437 280.922
438 280.922
439 280.922
440 280.922
441 280.922
442 280.922
443 280.922
444 280.922
445 280.922
446 280.922
447 280.922
448 280.922
449 280.922
450 280.922
451 280.922
452 280.922
453 280.922
454 280.922
455 280.922
456 280.922
457 280.922
458 280.922
459 280.922
460 280.922
461 280.922
462 280.922
463 280.922
464 280.922
465 280.922
466 280.922
467 280.922
468 280.922
469 280.922
470 280.922
471 280.922
472 280.922
473 280.922
474 280.922
475 280.922
476 280.922
477 280.922
478 280.922
479 280.922
480 280.922
481 280.922
482 280.922
483 280.922
484 280.922
485 280.922
486 280.922
487 280.922
488 280.922
489 280.922
490 280.922
491 280.922
492 280.922
493 280.922
494 280.922
495 280.922
496 280.922
497 280.922
498 280.922
499 280.922
500 280.922
501 280.922
502 280.922
503 280.922
504 280.922
505 280.922
506 280.922
507 280.922
508 280.922
509 280.922
510 280.922
511 280.922
512 280.922
513 280.922
514 280.922
515 280.922
516 280.922
517 280.922
518 280.922
519 280.922
520 280.922
521 280.922
522 280.922
523 280.922
524 280.922
525 280.922
526 280.922
527 280.922
528 280.922
529 280.922
530 280.922
531 280.922
532 280.922
533 280.922
534 280.922
535 280.922
536 280.922
537 280.922
538 280.922
539 280.922
540 280.922
541 280.922
542 280.922
543 280.922
544 280.922
545 280.922
546 280.922
547 280.922
548 280.922
549 280.922
550 280.922
551 280.922
552 280.922
553 280.922
554 280.922
555 280.922
556 280.922
557 280.922
558 280.922
559 280.922
560 280.922
561 280.922
562 280.922
563 280.922
564 280.922
565 280.922
566 280.922
567 280.922
568 280.922
569 280.922
570 280.922
571 280.922
572 280.922
573 280.922
574 280.922
575 280.922
576 280.922
577 280.922
578 280.922
579 280.922
580 280.922
581 280.922
582 280.922
583 280.922
584 280.922
585 280.922
586 280.922
587 280.922
588 280.922
589 280.922
590 280.922
591 280.922
592 280.922
593 280.922
594 280.922
595 280.922
596 280.922
597 280.922
598 280.922
599 280.922
600 280.922
601 280.922
602 280.922
603 280.922
604 280.922
605 280.922
606 280.922
607 280.922
608 280.922
609 280.922
610 280.922
611 280.922
612 280.922
613 280.922
614 280.922
615 280.922
616 280.922
617 280.922
618 280.922
619 280.922
620 280.922
621 280.922
622 280.922
623 280.922
624 280.922
625 280.922
626 280.922
627 280.922
628 280.922
629 280.922
630 280.922
631 280.922
632 280.922
633 280.922
634 280.922
635 280.922
636 280.922
637 280.922
638 280.922
639 280.922
640 280.922
641 280.922
642 280.922
643 280.922
644 280.922
645 280.922
646 280.922
647 280.922
648 280.922
649 280.922
650 280.922
651 280.922
652 280.922
653 280.922
654 280.922
655 280.922
656 280.922
657 280.922
658 280.922
659 280.922
660 280.922
661 280.922
662 280.922
663 280.922
664 280.922
665 280.922
666 280.922
667 280.922
668 280.922
669 280.922
670 280.922
671 280.922
672 280.922
673 280.922
674 280.922
675 280.922
676 280.922
677 280.922
678 280.922
679 280.922
680 280.922
681 280.922
682 280.922
683 280.922
684 280.922
685 280.922
686 280.922
687 280.922
688 280.922
689 280.922
690 280.922
691 280.922
692 280.922
693 280.922
694 280.922
695 280.922
696 280.922
697 280.922
698 280.922
699 280.922
700 280.922
701 280.922
702 280.922
703 280.922
704 280.922
705 280.922
706 280.922
707 280.922
708 280.922
709 280.922
710 280.922
711 280.922
712 280.922
713 280.922
714 280.922
715 280.922
716 280.922
717 280.922
718 280.922
719 280.922
720 280.922
721 280.922
722 280.922
723 280.922
724 280.922
725 280.922
726 280.922
727 280.922
728 280.922
729 280.922
730 280.922
731 280.922
732 280.922
733 280.922
734 280.922
735 280.922
736 280.922
737 280.922
738 280.922
739 280.922
740 280.922
741 280.922
742 280.922
743 280.922
744 280.922
745 280.922
746 280.922
747 280.922
748 280.922
749 280.922
750 280.922
751 280.922
752 280.922
753 280.922
754 280.922
755 280.922
756 280.922
757 280.922
758 280.922
759 280.922
760 280.922
761 280.922
762 280.922
763 280.922
764 280.922
765 280.922
766 280.922
767 280.922
768 280.922
769 280.922
770 280.922
771 280.922
772 280.922
773 280.922
774 280.922
775 280.922
776 280.922
777 280.922
778 280.922
779 280.922
780 280.922
781 280.922
782 280.922
783 280.922
784 280.922
785 280.922
786 280.922
787 280.922
788 280.922
789 280.922
790 280.922
791 280.922
792 280.922
793 280.922
794 280.922
795 280.922
796 280.922
797 280.922
798 280.922
799 280.922
800 280.922
801 280.922
802 280.922
803 280.922
804 280.922
805 280.922
806 280.922
807 280.922
808 280.922
809 280.922
810 280.922
811 280.922
812 280.922
813 280.922
814 280.922
815 280.922
816 280.922
817 280.922
818 280.922
819 280.922
820 280.922
821 280.922
822 280.922
823 280.922
824 280.922
825 272.384
826 272.384
827 272.384
828 272.384
829 272.384
830 272.384
831 272.384
832 272.384
833 272.384
834 272.384
835 272.384
836 272.384
837 272.384
838 272.384
839 272.384
840 272.384
841 272.384
842 272.384
843 272.384
844 272.384
845 272.384
846 272.384
847 272.384
848 272.384
849 272.384
850 272.384
851 272.384
852 272.384
853 272.384
854 272.384
855 272.384
856 272.384
857 272.384
858 272.384
859 272.384
860 272.384
861 272.384
862 272.384
863 272.384
864 272.384
865 272.384
866 272.384
867 272.384
868 272.384
869 272.384
870 272.384
871 272.384
872 272.384
873 272.384
874 272.384
875 272.384
876 272.384
877 272.384
878 272.384
879 272.384
880 272.384
881 272.384
882 272.384
883 272.384
884 272.384
885 272.384
886 272.384
887 272.384
888 272.384
889 272.384
890 272.384
891 272.384
892 272.384
893 272.384
894 272.384
895 272.384
896 272.384
897 272.384
898 272.384
899 272.384
900 272.384
901 272.384
902 272.384
903 272.384
904 272.384
905 272.384
906 272.384
907 272.384
908 272.384
909 272.384
910 272.384
911 272.384
912 272.384
913 272.384
914 272.384
915 272.384
916 272.384
917 272.384
918 272.384
919 272.384
920 272.384
921 272.384
922 272.384
923 272.384
924 272.384
925 272.384
926 272.384
927 272.384
928 272.384
929 272.384
930 272.384
931 272.384
932 272.384
933 272.384
934 272.384
935 272.384
936 272.384
937 272.384
938 272.384
939 272.384
940 272.384
941 272.384
942 272.384
943 272.384
944 272.384
945 272.384
946 272.384
947 272.384
948 272.384
949 272.384
950 272.384
951 272.384
952 272.384
953 272.384
954 272.384
955 272.384
956 272.384
957 272.384
958 272.384
959 272.384
960 272.384
961 272.384
962 272.384
963 272.384
964 272.384
965 272.384
966 272.384
967 272.384
968 272.384
969 272.384
970 272.384
971 272.384
972 272.384
973 272.384
974 272.384
975 272.384
976 272.384
977 272.384
978 272.384
979 272.384
980 272.384
981 272.384
982 272.384
983 272.384
984 272.384
985 272.384
986 272.384
987 272.384
988 272.384
989 272.384
990 272.384
991 272.384
992 272.384
993 272.384
994 272.384
995 272.384
996 272.384
997 272.384
998 272.384
999 272.384
