0 796.295
1 766.081
2 735.125
3 699.636
4 678.944
5 619.778
6 540.638
7 539.66
8 527.214
9 508.658
10 506.153
11 500.056
12 487.373
13 483.179
14 467.423
15 455.484
16 444.031
17 439.643
18 431.893
19 427.262
20 414.529
21 400.86
22 397.428
23 393.949
24 385.124
25 381.118
26 375.655
27 373.969
28 371.765
29 366.023
30 357.268
31 355.123
32 354.931
33 354.084
34 346.725
35 340.291
36 338.164
37 337.853
38 336.147
39 333.887
40 333.842
41 333.842
42 332.753
43 332.172
44 332.172
45 332.172
46 330.277
47 329.717
48 329.717
49 328.562
50 328.562
51 328.562
52 328.562
53 327.697
54 327.213
55 327.213
56 327.213
57 321.538
58 321.538
59 320.59
60 320.59
61 317.451
62 317.451
63 317.451
64 316.586
65 316.586
66 316.586
67 316.431
68 316.333
69 314.609
70 314.609
71 314.609
72 314.609
73 314.609
74 314.609
75 313.443
76 310.84
77 310.84
78 310.84
79 310.84
80 310.84
81 310.84
82 310.84
83 310.84
84 310.84
85 310.84
86 310.84
87 310.84
88 310.84
89 310.84
90 310.667
91 310.667
92 310.667
93 310.667
94 310.667
95 310.667
96 310.667
97 310.667
98 310.667
99 310.667
100 310.667
101 310.667
102 310.667
103 310.667
104 310.667
105 310.667
106 310.302
107 310.302
108 310.302
109 310.302
110 310.302
111 310.302
112 310.302
113 310.302
114 310.302
115 310.302
116 309.802
117 309.508
118 309.508
119 309.508
120 309.508
121 309.508
122 309.508
123 309.508
124 309.508
125 295.206
126 295.206
127 295.206
128 295.206
129 295.206
130 295.206
131 295.206
132 295.206
133 295.206
134 295.206
135 295.206
136 295.206
137 295.206
138 295.206
139 295.206
140 295.206
141 295.206
142 295.206
143 295.206
144 295.206
145 295.206
146 295.206
147 295.206
148 295.206
149 295.206
150 295.206
151 295.206
152 295.206
153 295.206
154 295.206
155 295.206
156 295.206
157 295.206
158 295.206
159 295.206
160 295.206
161 295.206
162 295.206
163 295.206
164 295.206
165 294.006
166 292.998
167 292.998
168 292.998
169 292.998
170 292.998
171 292.998
172 292.998
173 292.998
174 292.998
175 292.998
176 292.998
177 292.998
178 292.998
179 292.998
180 292.998
181 292.998
182 292.998
183 292.998
184 292.998
185 292.998
186 292.998
187 292.998
188 292.998
189 292.998
190 292.998
191 292.998
192 292.998
193 292.998
194 292.998
195 292.998
196 292.998
197 292.998
198 292.998
199 292.998
200 292.998
201 292.998
202 292.998
203 292.998
204 292.998
205 292.998
206 292.998
207 292.998
208 292.998
209 292.998
210 292.998
211 292.998
212 292.998
213 292.998
214 292.998
215 292.998
216 292.998
217 292.998
218 292.998
219 292.998
220 292.998
221 292.998
222 292.998
223 292.998
224 292.998
225 292.998
226 292.998
227 292.998
228 292.998
229 292.998
230 292.998
231 292.998
232 292.998
233 292.998
234 292.998
235 290.017
236 290.017
237 290.017
238 290.017
239 290.017
240 290.017
241 290.017
242 288.322
243 288.322
244 288.322
245 288.322
246 288.322
247 288.322
248 288.322
249 288.322
250 288.322
251 288.322
252 288.322
253 288.322
254 288.322
255 283.729
256 283.729
257 283.032
258 283.032
259 283.032
260 283.032
261 283.032
262 283.032
263 282.196
264 282.196
265 282.196
266 282.196
267 282.196
268 282.196
269 282.196
270 282.196
271 282.196
272 282.196
273 282.196
274 282.196
275 282.196
276 282.196
277 282.196
278 282.196
279 282.196
280 282.196
281 282.196
282 282.196
283 282.196
284 282.196
285 282.196
286 282.196
287 282.196
288 282.196
289 282.196
290 282.196
291 280.922
292 280.922
293 280.922
294 280.922
295 280.922
296 280.922
297 280.922
298 280.922
299 280.922
300 280.922
301 280.922
302 280.922
303 280.922
304 280.922
305 280.922
306 280.922
307 280.922
308 280.922
309 280.922
310 280.922
311 280.922
312 280.922
313 280.922
314 280.922
315 280.922
316 280.922
317 280.922
318 280.922
319 280.922
320 280.922
321 280.922
322 280.922
323 280.922
324 280.922
325 280.922
326 280.922
327 280.922
328 280.922
329 280.922
330 280.922
331 280.922
332 280.922
333 280.922
334 280.922
335 280.922
336 280.922
337 280.922
338 280.922
339 280.922
340 280.922
341 280.922
342 280.922
343 280.922
344 280.922
345 280.922
346 280.922
347 280.922
348 280.922
349 280.922
350 280.922
351 280.922
352 280.922
353 280.922
354 280.922
355 280.922
356 280.922
357 280.922
358 280.922
359 280.922
360 280.922
361 280.922
362 280.922
363 280.922
364 280.922
365 280.922
366 280.922
367 280.922
368 280.922
369 280.922
370 280.922
371 280.922
372 280.922
373 280.922
374 280.922
375 280.922
376 280.922
377 280.922
378 280.922
379 280.922
380 280.922
381 280.922
382 280.922
383 280.922
384 280.922
385 280.922
386 280.922
387 280.922
388 280.922
389 280.922
390 280.922
391 280.922
392 280.922
393 280.922
394 280.922
395 280.922
396 280.922
397 280.922
398 280.922
399 280.922
400 280.922
401 280.922
402 280.922
403 280.922
404 280.922
405 280.922
406 280.922
407 280.922
408 280.922
409 280.922
410 280.922
411 280.922
412 280.922
413 280.922
414 280.922
415 280.922
416 280.922
417 280.922
418 280.922
419 280.922
420 280.922
421 280.922
422 280.922
423 280.922
424 280.922
425 280.922
426 280.922
427 280.922
428 280.922
429 280.922
430 280.922
431 280.922
432 280.922
433 280.922
434 280.922
435 280.922
436 280.922
437 280.922
438 280.922
439 280.922
440 280.922
441 280.922
442 280.922
443 280.922
444 280.922
445 280.922
446 280.922
447 280.922
448 280.922
449 280.922
450 280.922
451 280.922
452 280.922
453 280.922
454 280.922
455 280.922
456 280.922
457 280.922
458 280.922
459 280.922
460 280.922
461 280.922
462 280.922
463 280.922
464 280.922
465 280.922
466 280.922
467 280.922
468 280.922
469 280.922
470 280.922
471 280.922
472 280.922
473 280.922
474 280.922
475 280.922
476 280.922
477 280.922
478 280.922
479 280.922
480 280.922
481 280.922
482 280.922
483 280.922
484 280.922
485 280.922
486 280.922
487 280.922
488 280.922
489 280.922
490 280.922
491 280.922
492 280.922
493 280.922
494 280.922
495 280.922
496 280.922
497 280.922
498 280.922
499 280.922
500 280.922
501 280.922
502 280.922
503 280.922
504 280.922
505 280.922
506 280.922
507 280.922
508 280.922
509 280.922
510 280.922
511 280.922
512 280.922
513 280.922
514 280.922
515 280.922
516 280.922
517 280.922
518 280.922
519 280.922
520 280.922
521 280.922
522 280.922
523 280.922
524 280.922
525 280.922
526 280.922
527 280.922
528 280.922
529 280.922
530 272.384
531 272.384
532 272.384
533 272.384
534 272.384
535 272.384
536 272.384
537 272.384
538 272.384
539 272.384
540 272.384
541 272.384
542 272.384
543 272.384
544 272.384
545 272.384
546 272.384
547 272.384
548 272.384
549 272.384
550 272.384
551 272.384
552 272.384
553 272.384
554 272.384
555 272.384
556 272.384
557 272.384
558 272.384
559 272.384
560 272.384
561 272.384
562 272.384
563 272.384
564 272.384
565 272.384
566 272.384
567 272.384
568 272.384
569 272.384
570 272.384
571 272.384
572 272.384
573 272.384
574 272.384
575 272.384
576 272.384
577 272.384
578 272.384
579 272.384
580 272.384
581 272.384
582 272.384
583 272.384
584 272.384
585 272.384
586 272.384
587 272.384
588 272.384
589 272.384
590 272.384
591 272.384
592 272.384
593 272.384
594 272.384
595 272.384
596 272.384
597 272.384
598 272.384
599 272.384
600 272.384
601 272.384
602 272.384
603 272.384
604 272.384
605 272.384
606 272.384
607 272.384
608 272.384
609 272.384
610 272.384
611 272.384
612 272.384
613 272.384
614 272.384
615 272.384
616 272.384
617 272.384
618 272.384
619 272.384
620 272.384
621 272.384
622 272.384
623 272.384
624 272.384
625 272.384
626 272.384
627 272.384
628 272.384
629 272.384
630 272.384
631 272.384
632 272.384
633 272.384
634 272.384
635 272.384
636 272.384
637 272.384
638 272.384
639 272.384
640 272.384
641 272.384
642 272.384
643 272.384
644 272.384
645 272.384
646 272.384
647 272.384
648 272.384
649 272.384
650 272.384
651 272.384
652 272.384
653 272.384
654 272.384
655 272.384
656 272.384
657 272.384
658 272.384
659 272.384
660 272.384
661 272.384
662 272.384
663 272.384
664 272.384
665 272.384
666 272.384
667 272.384
668 272.384
669 272.384
670 272.384
671 272.384
672 272.384
673 272.384
674 272.384
675 272.384
676 272.384
677 272.384
678 272.384
679 272.384
680 272.384
681 272.384
682 272.384
683 272.384
684 272.384
685 272.384
686 272.384
687 272.384
688 272.384
689 272.384
690 272.384
691 272.384
692 272.384
693 272.384
694 272.384
695 272.384
696 272.384
697 272.384
698 272.384
699 272.384
700 272.384
701 272.384
702 272.384
703 272.384
704 272.384
705 272.384
706 272.384
707 272.384
708 272.384
709 272.384
710 272.384
711 272.384
712 272.384
713 272.384
714 272.384
715 272.384
716 272.384
717 272.384
718 272.384
719 272.384
720 272.384
721 272.384
722 272.384
723 272.384
724 272.384
725 272.384
726 272.384
727 272.384
728 272.384
729 272.384
730 272.384
731 272.384
732 272.384
733 272.384
734 272.384
735 272.384
736 272.384
737 272.384
738 272.384
739 272.384
740 272.384
741 272.384
742 272.384
743 272.384
744 272.384
745 272.384
746 272.384
747 272.384
748 272.384
749 272.384
750 272.384
751 272.384
752 272.384
753 272.384
754 272.384
755 272.384
756 272.384
757 272.384
758 272.384
759 272.384
760 272.384
761 272.384
762 272.384
763 272.384
764 272.384
765 272.384
766 272.384
767 272.384
768 272.384
769 272.384
770 272.384
771 272.384
772 272.384
773 272.384
774 272.384
775 272.384
776 272.384
777 272.384
778 272.384
779 272.384
780 272.384
781 272.384
782 272.384
783 272.384
784 272.384
785 272.384
786 272.384
787 272.384
788 272.384
789 272.384
790 272.384
791 272.384
792 272.384
793 272.384
794 272.384
795 272.384
796 272.384
797 272.384
798 272.384
799 272.384
800 272.384
801 272.384
802 272.384
803 272.384
804 272.384
805 272.384
806 272.384
807 272.384
808 272.384
809 272.384
810 272.384
811 272.384
812 272.384
813 272.384
814 272.384
815 272.384
816 272.384
817 272.384
818 272.384
819 272.384
820 272.384
821 272.384
822 272.384
823 272.384
824 272.384
825 272.384
826 272.384
827 272.384
828 272.384
829 272.384
830 272.384
831 272.384
832 272.384
833 272.384
834 272.384
835 272.384
836 272.384
837 272.384
838 272.384
839 272.384
840 272.384
841 272.384
842 272.384
843 272.384
844 272.384
845 272.384
846 272.384
847 272.384
848 272.384
849 272.384
850 272.384
851 272.384
852 272.384
853 272.384
854 272.384
855 272.384
856 272.384
857 272.384
858 272.384
859 272.384
860 272.384
861 272.384
862 272.384
863 272.384
864 272.384
865 272.384
866 272.384
867 272.384
868 272.384
869 272.384
870 272.384
871 272.384
872 272.384
873 272.384
874 272.384
875 272.384
876 272.384
877 272.384
878 272.384
879 272.384
880 272.384
881 272.384
882 272.384
883 272.384
884 272.384
885 272.384
886 272.384
887 272.384
888 272.384
889 272.384
890 272.384
891 272.384
892 272.384
893 272.384
894 272.384
895 272.384
896 272.384
897 272.384
898 272.384
899 272.384
900 272.384
901 272.384
902 272.384
903 272.384
904 272.384
905 272.384
906 272.384
907 272.384
908 272.384
909 272.384
910 272.384
911 272.384
912 272.384
913 272.384
914 272.384
915 272.384
916 272.384
917 272.384
918 272.384
919 272.384
920 272.384
921 272.384
922 272.384
923 272.384
924 272.384
925 272.384
926 272.384
927 272.384
928 272.384
929 272.384
930 272.384
931 272.384
932 272.384
933 272.384
934 272.384
935 272.384
936 272.384
937 272.384
938 272.384
939 272.384
940 272.384
941 272.384
942 272.384
943 272.384
944 272.384
945 272.384
946 272.384
947 272.384
948 272.384
949 272.384
950 272.384
951 272.384
952 272.384
953 272.384
954 272.384
955 272.384
956 272.384
957 272.384
958 272.384
959 272.384
960 272.384
961 272.384
962 272.384
963 272.384
964 272.384
965 272.384
966 272.384
967 272.384
968 272.384
969 272.384
970 272.384
971 272.384
972 272.384
973 272.384
974 272.384
975 272.384
976 272.384
977 272.384
978 272.384
979 272.384
980 272.384
981 272.384
982 272.384
983 272.384
984 272.384
985 272.384
986 272.384
987 272.384
988 272.384
989 272.384
990 272.384
991 272.384
992 272.384
993 272.384
994 272.384
995 272.384
996 272.384
997 272.384
998 272.384
999 272.384
