0 796.784
1 745.186
2 700.279
3 655.12
4 603.533
5 574.492
6 544.111
7 538.143
8 515.639
9 484.632
10 474.234
11 465.886
12 448.47
13 443.354
14 418.679
15 418.183
16 413.844
17 408.48
18 401.367
19 393.95
20 390.908
21 389.541
22 384.489
23 384.216
24 375.987
25 375.35
26 364.706
27 360.949
28 360.786
29 353.751
30 350.635
31 344.05
32 341.762
33 338.44
34 333.286
35 332.076
36 327.671
37 323.695
38 320.314
39 319.783
40 316.567
41 316.567
42 316.567
43 316.567
44 314.23
45 314.23
46 312.717
47 312.711
48 312.711
49 312.711
50 312.535
51 312.143
52 311.928
53 310.21
54 308.653
55 307.954
56 307.954
57 307.954
58 307.954
59 306.276
60 306.231
61 306.231
62 304.764
63 304.363
64 304.066
65 304.066
66 304.066
67 304.066
68 304.066
69 301.067
70 295.068
71 293.491
72 292.658
73 292.658
74 292.658
75 292.174
76 292.174
77 292.174
78 292.174
79 292.174
80 292.174
81 292.174
82 292.174
83 292.174
84 292.174
85 292.174
86 292.174
87 292.174
88 292.174
89 292.174
90 292.174
91 292.174
92 292.174
93 292.174
94 291.959
95 291.959
96 291.959
97 291.959
98 291.959
99 291.752
100 291.752
101 291.752
102 291.707
103 291.707
104 291.707
105 291.707
106 291.707
107 291.707
108 291.707
109 291.707
110 291.707
111 291.707
112 291.707
113 291.707
114 291.707
115 291.707
116 291.707
117 291.707
118 291.707
119 291.707
120 291.707
121 291.707
122 291.707
123 291.707
124 291.707
125 291.707
126 291.707
127 291.707
128 291.707
129 291.707
130 291.707
131 291.707
132 291.707
133 291.707
134 291.707
135 291.707
136 291.707
137 291.707
138 291.707
139 291.707
140 291.707
141 291.707
142 291.707
143 291.707
144 291.707
145 291.707
146 291.707
147 291.707
148 291.707
149 291.707
150 291.707
151 291.707
152 291.707
153 291.707
154 291.707
155 291.707
156 291.707
157 291.707
158 291.707
159 291.707
160 291.102
161 291.102
162 291.102
163 291.102
164 291.102
165 291.102
166 291.102
167 291.102
168 291.102
169 291.102
170 291.102
171 291.102
172 291.102
173 291.102
174 291.102
175 291.102
176 291.102
177 291.102
178 291.102
179 291.102
180 291.102
181 291.102
182 291.102
183 291.102
184 291.102
185 291.102
186 291.102
187 291.102
188 291.102
189 291.102
190 291.102
191 291.102
192 291.102
193 291.102
194 291.102
195 291.102
196 291.102
197 291.102
198 291.102
199 291.102
200 291.102
201 291.102
202 291.102
203 291.102
204 291.102
205 291.102
206 291.102
207 291.102
208 291.102
209 291.102
210 291.102
211 291.102
212 291.102
213 291.102
214 291.102
215 291.102
216 291.102
217 291.102
218 291.102
219 291.102
220 291.102
221 291.102
222 291.102
223 291.102
224 291.102
225 291.102
226 291.102
227 291.102
228 291.102
229 291.102
230 291.102
231 291.058
232 290.017
233 289.445
234 289.445
235 289.445
236 289.445
237 289.445
238 289.445
239 289.445
240 289.445
241 289.445
242 289.445
243 289.445
244 289.445
245 289.445
246 289.445
247 289.445
248 289.445
249 289.445
250 289.445
251 289.445
252 289.445
253 289.445
254 289.445
255 289.445
256 289.445
257 289.445
258 289.445
259 289.445
260 289.445
261 289.445
262 289.445
263 289.445
264 289.445
265 289.445
266 289.445
267 289.445
268 289.445
269 289.445
270 289.445
271 289.445
272 289.445
273 289.445
274 289.445
275 289.445
276 289.445
277 289.445
278 289.445
279 289.445
280 289.445
281 289.445
282 289.445
283 289.445
284 289.445
285 289.445
286 289.445
287 289.445
288 289.445
289 289.445
290 289.445
291 289.445
292 289.445
293 289.445
294 289.445
295 289.445
296 289.445
297 289.445
298 289.445
299 289.445
300 289.445
301 289.445
302 289.445
303 289.445
304 289.445
305 280.922
306 280.922
307 280.922
308 280.922
309 280.922
310 280.922
311 280.922
312 280.922
313 280.922
314 280.922
315 280.922
316 280.922
317 280.922
318 280.922
319 280.922
320 280.922
321 280.922
322 280.922
323 280.922
324 280.922
325 280.922
326 280.922
327 280.922
328 280.922
329 280.922
330 280.922
331 280.922
332 280.922
333 280.922
334 280.922
335 280.922
336 280.922
337 280.922
338 280.922
339 280.922
340 280.922
341 280.922
342 280.922
343 280.922
344 280.922
345 280.922
346 280.922
347 280.922
348 280.922
349 280.922
350 280.922
351 280.922
352 280.922
353 280.922
354 280.922
355 280.922
356 280.922
357 280.922
358 280.922
359 280.922
360 280.922
361 280.922
362 280.922
363 280.922
364 280.922
365 280.922
366 280.922
367 280.922
368 280.922
369 280.922
370 280.922
371 280.922
372 280.922
373 280.922
374 280.922
375 280.922
376 280.922
377 280.922
378 280.922
379 280.922
380 280.922
381 280.922
382 280.922
383 280.922
384 280.922
385 280.922
386 280.922
387 280.922
388 280.922
389 280.922
390 280.922
391 280.922
392 280.922
393 280.922
394 280.922
395 280.922
396 280.922
397 280.922
398 280.922
399 280.922
400 280.922
401 280.922
402 280.922
403 280.922
404 280.922
405 280.922
406 280.922
407 280.922
408 280.922
409 280.922
410 280.922
411 280.922
412 280.922
413 280.922
414 280.922
415 280.922
416 280.922
417 280.922
418 280.922
419 280.922
420 280.922
421 280.922
422 280.922
423 280.922
424 280.922
425 280.922
426 280.922
427 280.922
428 280.922
429 280.922
430 280.922
431 280.922
432 280.922
433 280.922
434 280.922
435 280.922
436 280.922
437 280.922
438 280.922
439 280.922
440 280.922
441 280.922
442 280.922
443 280.922
444 280.922
445 280.922
446 280.922
447 280.922
448 280.922
449 280.922
450 280.922
451 280.922
452 280.922
453 280.922
454 280.922
455 280.922
456 280.922
457 280.922
458 280.922
459 280.922
460 280.922
461 280.922
462 280.922
463 280.922
464 280.922
465 280.922
466 280.922
467 280.922
468 280.922
469 280.922
470 280.922
471 280.922
472 280.922
473 280.922
474 280.922
475 280.922
476 280.922
477 280.922
478 280.922
479 280.922
480 280.922
481 280.922
482 280.922
483 280.922
484 280.922
485 280.922
486 280.922
487 280.922
488 280.922
489 280.922
490 280.922
491 280.922
492 280.922
493 280.922
494 280.922
495 280.922
496 280.922
497 280.922
498 280.922
499 280.922
500 280.922
501 280.922
502 280.922
503 280.922
504 280.922
505 280.922
506 280.922
507 273.711
508 273.711
509 273.711
510 273.711
511 273.711
512 273.711
513 273.711
514 272.55
515 272.55
516 272.55
517 272.55
518 272.55
519 272.55
520 272.55
521 272.55
522 272.384
523 272.384
524 272.384
525 272.384
526 272.384
527 272.384
528 272.384
529 272.384
530 272.384
531 272.384
532 272.384
533 272.384
534 272.384
535 272.384
536 272.384
537 272.384
538 272.384
539 272.384
540 272.384
541 272.384
542 272.384
543 272.384
544 272.384
545 272.384
546 272.384
547 272.384
548 272.384
549 272.384
550 272.384
551 272.384
552 272.384
553 272.384
554 272.384
555 272.384
556 272.384
557 272.384
558 272.384
559 272.384
560 272.384
561 272.384
562 272.384
563 272.384
564 272.384
565 272.384
566 272.384
567 272.384
568 272.384
569 272.384
570 272.384
571 272.384
572 272.384
573 272.384
574 272.384
575 272.384
576 272.384
577 272.384
578 272.384
579 272.384
580 272.384
581 272.384
582 272.384
583 272.384
584 272.384
585 272.384
586 272.384
587 272.384
588 272.384
589 272.384
590 272.384
591 272.384
592 272.384
593 272.384
594 272.384
595 272.384
596 272.384
597 272.384
598 272.384
599 272.384
600 272.384
601 272.384
602 272.384
603 272.384
604 272.384
605 272.384
606 272.384
607 272.384
608 272.384
609 272.384
610 272.384
611 272.384
612 272.384
613 272.384
614 272.384
615 272.384
616 272.384
617 272.384
618 272.384
619 272.384
620 272.384
621 272.384
622 272.384
623 272.384
624 272.384
625 272.384
626 272.384
627 272.384
628 272.384
629 272.384
630 272.384
631 272.384
632 272.384
633 272.384
634 272.384
635 272.384
636 272.384
637 272.384
638 272.384
639 272.384
640 272.384
641 272.384
642 272.384
643 272.384
644 272.384
645 272.384
646 272.384
647 272.384
648 272.384
649 272.384
650 272.384
651 272.384
652 272.384
653 272.384
654 272.384
655 272.384
656 272.384
657 272.384
658 272.384
659 272.384
660 272.384
661 272.384
662 272.384
663 272.384
664 272.384
665 272.384
666 272.384
667 272.384
668 272.384
669 272.384
670 272.384
671 272.384
672 272.384
673 272.384
674 272.384
675 272.384
676 272.384
677 272.384
678 272.384
679 272.384
680 272.384
681 272.384
682 272.384
683 272.384
684 272.384
685 272.384
686 272.384
687 272.384
688 272.384
689 272.384
690 272.384
691 272.384
692 272.384
693 272.384
694 272.384
695 272.384
696 272.384
697 272.384
698 272.384
699 272.384
700 272.384
701 272.384
702 272.384
703 272.384
704 272.384
705 272.384
706 272.384
707 272.384
708 272.384
709 272.384
710 272.384
711 272.384
712 272.384
713 272.384
714 272.384
715 272.384
716 272.384
717 272.384
718 272.384
719 272.384
720 272.384
721 272.384
722 272.384
723 272.384
724 272.384
725 272.384
726 272.384
727 272.384
728 272.384
729 272.384
730 272.384
731 272.384
732 272.384
733 272.384
734 272.384
735 272.384
736 272.384
737 272.384
738 272.384
739 272.384
740 272.384
741 272.384
742 272.384
743 272.384
744 272.384
745 272.384
746 272.384
747 272.384
748 272.384
749 272.384
750 272.384
751 272.384
752 272.384
753 272.384
754 272.384
755 272.384
756 272.384
757 272.384
758 272.384
759 272.384
760 272.384
761 272.384
762 272.384
763 272.384
764 272.384
765 272.384
766 272.384
767 272.384
768 272.384
769 272.384
770 272.384
771 272.384
772 272.384
773 272.384
774 272.384
775 272.384
776 272.384
777 272.384
778 272.384
779 272.384
780 272.384
781 272.384
782 272.384
783 272.384
784 272.384
785 272.384
786 272.384
787 272.384
788 272.384
789 272.384
790 272.384
791 272.384
792 272.384
793 272.384
794 272.384
795 272.384
796 272.384
797 272.384
798 272.384
799 272.384
800 272.384
801 272.384
802 272.384
803 272.384
804 272.384
805 272.384
806 272.384
807 272.384
808 272.384
809 272.384
810 272.384
811 272.384
812 272.384
813 272.384
814 272.384
815 272.384
816 272.384
817 272.384
818 272.384
819 272.384
820 272.384
821 272.384
822 272.384
823 272.384
824 272.384
825 272.384
826 272.384
827 272.384
828 272.384
829 272.384
830 272.384
831 272.384
832 272.384
833 272.384
834 272.384
835 272.384
836 272.384
837 272.384
838 272.384
839 272.384
840 272.384
841 272.384
842 272.384
843 272.384
844 272.384
845 272.384
846 272.384
847 272.384
848 272.384
849 272.384
850 272.384
851 272.384
852 272.384
853 272.384
854 272.384
855 272.384
856 272.384
857 272.384
858 272.384
859 272.384
860 272.384
861 272.384
862 272.384
863 272.384
864 272.384
865 272.384
866 272.384
867 272.384
868 272.384
869 272.384
870 272.384
871 272.384
872 272.384
873 272.384
874 272.384
875 272.384
876 272.384
877 272.384
878 272.384
879 272.384
880 272.384
881 272.384
882 272.384
883 272.384
884 272.384
885 272.384
886 272.384
887 272.384
888 272.384
889 272.384
890 272.384
891 272.384
892 272.384
893 272.384
894 272.384
895 272.384
896 272.384
897 272.384
898 272.384
899 272.384
900 272.384
901 272.384
902 272.384
903 272.384
904 272.384
905 272.384
906 272.384
907 272.384
908 272.384
909 272.384
910 272.384
911 272.384
912 272.384
913 272.384
914 272.384
915 272.384
916 272.384
917 272.384
918 272.384
919 272.384
920 272.384
921 272.384
922 272.384
923 272.384
924 272.384
925 272.384
926 272.384
927 272.384
928 272.384
929 272.384
930 272.384
931 272.384
932 272.384
933 272.384
934 272.384
935 272.384
936 272.384
937 272.384
938 272.384
939 272.384
940 272.384
941 272.384
942 272.384
943 272.384
944 272.384
945 272.384
946 272.384
947 272.384
948 272.384
949 272.384
950 272.384
951 272.384
952 272.384
953 272.384
954 272.384
955 272.384
956 272.384
957 272.384
958 272.384
959 272.384
960 272.384
961 272.384
962 272.384
963 272.384
964 272.384
965 272.384
966 272.384
967 272.384
968 272.384
969 272.384
970 272.384
971 272.384
972 272.384
973 272.384
974 272.384
975 272.384
976 272.384
977 272.384
978 272.384
979 272.384
980 272.384
981 272.384
982 272.384
983 272.384
984 272.384
985 272.384
986 272.384
987 272.384
988 272.384
989 272.384
990 272.384
991 272.384
992 272.384
993 272.384
994 272.384
995 272.384
996 272.384
997 272.384
998 272.384
999 272.384
