0 759.315
1 725.531
2 697.408
3 677.706
4 639.521
5 626.458
6 597.471
7 586.727
8 580.911
9 568.289
10 561.552
11 545.426
12 500.19
13 476.341
14 460.139
15 447.732
16 444.582
17 433.482
18 428.816
19 422.122
20 418.408
21 416.887
22 413.126
23 410.595
24 409.965
25 399.809
26 399.208
27 392.137
28 382.628
29 380.993
30 375.073
31 372.286
32 372.203
33 369.822
34 366.973
35 366.443
36 366.408
37 366.408
38 362.414
39 360.721
40 356.743
41 356.598
42 356.598
43 352.079
44 350.834
45 350.834
46 349.486
47 345.291
48 345.188
49 344.498
50 344.498
51 344.498
52 344.498
53 344.432
54 344.432
55 341.078
56 339.591
57 339.591
58 339.591
59 339.275
60 339.275
61 339.275
62 339.275
63 339.275
64 339.275
65 339.275
66 339.275
67 339.275
68 339.275
69 339.275
70 339.275
71 339.275
72 339.275
73 339.275
74 339.275
75 339.275
76 339.275
77 339.275
78 339.275
79 339.275
80 339.275
81 339.275
82 338.867
83 338.867
84 338.867
85 310.84
86 310.84
87 310.84
88 310.84
89 310.84
90 310.84
91 310.84
92 310.84
93 310.84
94 310.84
95 310.84
96 310.84
97 310.84
98 310.667
99 310.667
100 310.667
101 310.667
102 310.667
103 310.667
104 310.667
105 310.667
106 310.667
107 310.667
108 310.667
109 310.667
110 310.302
111 310.302
112 310.302
113 310.302
114 310.302
115 309.802
116 309.802
117 309.802
118 309.802
119 309.802
120 294.776
121 294.776
122 294.776
123 293.562
124 292.38
125 292.38
126 292.38
127 291.147
128 291.147
129 291.102
130 291.102
131 291.102
132 291.102
133 291.102
134 291.102
135 291.102
136 291.102
137 291.102
138 291.102
139 291.102
140 291.102
141 291.102
142 291.102
143 291.102
144 291.102
145 291.102
146 291.102
147 291.102
148 291.102
149 291.102
150 291.102
151 291.102
152 291.102
153 291.102
154 291.102
155 291.102
156 291.102
157 291.102
158 291.102
159 291.102
160 291.102
161 291.102
162 291.102
163 291.102
164 291.102
165 291.102
166 291.102
167 291.102
168 291.102
169 291.102
170 291.102
171 291.102
172 291.102
173 291.102
174 291.102
175 291.102
176 291.102
177 291.102
178 291.102
179 291.102
180 291.102
181 291.102
182 291.102
183 291.102
184 291.102
185 291.102
186 291.102
187 291.102
188 291.102
189 291.102
190 291.102
191 291.102
192 291.102
193 291.102
194 291.102
195 291.102
196 291.102
197 291.102
198 291.102
199 291.102
200 291.102
201 291.102
202 291.102
203 291.102
204 291.102
205 291.102
206 291.102
207 291.102
208 291.102
209 291.102
210 291.102
211 291.102
212 291.102
213 291.102
214 291.102
215 291.102
216 291.102
217 291.102
218 291.102
219 291.102
220 291.102
221 291.102
222 291.102
223 291.102
224 291.102
225 291.102
226 291.102
227 291.102
228 291.102
229 291.102
230 291.102
231 291.102
232 290.017
233 290.017
234 290.017
235 290.017
236 290.017
237 290.017
238 290.017
239 288.322
240 288.322
241 288.322
242 288.322
243 288.322
244 288.322
245 288.322
246 288.322
247 288.322
248 288.322
249 288.322
250 288.322
251 288.322
252 288.322
253 288.322
254 288.322
255 288.322
256 288.322
257 288.322
258 288.322
259 288.322
260 288.322
261 288.322
262 288.322
263 288.322
264 288.322
265 288.322
266 288.322
267 288.322
268 288.322
269 288.322
270 288.322
271 288.322
272 288.322
273 288.322
274 288.322
275 288.322
276 288.322
277 288.322
278 288.322
279 288.322
280 288.322
281 288.322
282 288.322
283 288.322
284 288.322
285 288.322
286 288.322
287 288.322
288 288.322
289 288.322
290 288.322
291 288.322
292 288.322
293 288.322
294 288.322
295 288.322
296 288.322
297 288.322
298 288.322
299 288.322
300 288.322
301 288.322
302 288.322
303 288.322
304 288.322
305 288.322
306 288.322
307 288.322
308 288.322
309 288.322
310 288.322
311 288.322
312 288.322
313 288.322
314 288.322
315 288.322
316 288.322
317 288.322
318 288.322
319 288.322
320 288.322
321 288.322
322 288.322
323 288.322
324 288.322
325 288.322
326 288.322
327 288.322
328 288.322
329 288.322
330 280.922
331 280.922
332 280.922
333 280.922
334 280.922
335 280.922
336 280.922
337 280.922
338 280.922
339 280.922
340 280.922
341 280.922
342 280.922
343 280.922
344 280.922
345 280.922
346 280.922
347 280.922
348 280.922
349 280.922
350 280.922
351 280.922
352 280.922
353 280.922
354 280.922
355 280.922
356 280.922
357 280.922
358 280.922
359 280.922
360 280.922
361 280.922
362 280.922
363 280.922
364 280.922
365 280.922
366 280.922
367 280.922
368 280.922
369 280.922
370 280.922
371 280.922
372 280.922
373 280.922
374 280.922
375 280.922
376 280.922
377 280.922
378 280.922
379 280.922
380 280.922
381 280.922
382 280.922
383 280.922
384 280.922
385 280.922
386 280.922
387 280.922
388 280.922
389 280.922
390 280.922
391 280.922
392 280.922
393 280.922
394 280.922
395 280.922
396 280.922
397 280.922
398 280.922
399 280.922
400 280.922
401 280.922
402 280.922
403 280.922
404 280.922
405 280.922
406 280.922
407 280.922
408 280.922
409 280.922
410 280.922
411 280.922
412 280.922
413 280.922
414 280.922
415 280.922
416 280.922
417 280.922
418 280.922
419 280.922
420 280.922
421 280.922
422 280.922
423 280.922
424 280.922
425 280.922
426 280.922
427 280.922
428 280.922
429 280.922
430 280.922
431 280.922
432 280.922
433 280.922
434 280.922
435 280.922
436 280.922
437 280.922
438 280.922
439 280.922
440 280.922
441 280.922
442 280.922
443 280.922
444 280.922
445 280.922
446 280.922
447 280.922
448 280.922
449 280.922
450 280.922
451 280.922
452 280.922
453 280.922
454 280.922
455 280.922
456 280.922
457 280.922
458 280.922
459 280.922
460 280.922
461 280.922
462 280.922
463 280.922
464 280.922
465 280.922
466 280.922
467 280.922
468 280.922
469 280.922
470 280.922
471 280.922
472 280.922
473 280.922
474 280.922
475 280.922
476 280.922
477 280.922
478 280.922
479 280.922
480 280.922
481 280.922
482 280.922
483 280.922
484 280.922
485 280.922
486 280.922
487 280.922
488 280.922
489 280.922
490 280.922
491 280.922
492 280.922
493 280.922
494 280.922
495 280.922
496 280.922
497 280.922
498 280.922
499 280.922
500 280.922
501 280.922
502 280.922
503 280.922
504 280.922
505 280.922
506 280.922
507 280.922
508 280.922
509 280.922
510 280.922
511 280.922
512 280.922
513 280.922
514 280.922
515 280.922
516 280.922
517 280.922
518 280.922
519 280.922
520 280.922
521 280.922
522 280.922
523 280.922
524 280.922
525 280.922
526 280.922
527 280.922
528 280.922
529 280.922
530 280.922
531 280.922
532 280.922
533 280.922
534 280.922
535 280.922
536 280.922
537 280.922
538 280.922
539 280.922
540 280.922
541 280.922
542 280.922
543 280.922
544 280.922
545 280.922
546 280.922
547 280.922
548 280.922
549 280.922
550 280.922
551 280.922
552 280.922
553 280.922
554 280.922
555 280.922
556 280.922
557 280.922
558 280.922
559 280.922
560 280.922
561 280.922
562 280.922
563 280.922
564 280.922
565 280.922
566 280.922
567 280.922
568 280.922
569 280.922
570 280.922
571 280.922
572 280.922
573 280.922
574 280.922
575 280.922
576 280.922
577 280.922
578 280.922
579 280.922
580 280.922
581 280.922
582 280.922
583 280.922
584 280.922
585 280.922
586 280.922
587 280.922
588 280.922
589 280.922
590 280.922
591 280.922
592 280.922
593 280.922
594 280.922
595 280.922
596 280.922
597 280.922
598 280.922
599 280.922
600 280.922
601 280.922
602 280.922
603 280.922
604 280.922
605 280.922
606 280.922
607 280.922
608 280.922
609 280.922
610 280.922
611 280.922
612 280.922
613 280.922
614 280.922
615 280.922
616 280.922
617 280.922
618 280.922
619 280.922
620 280.922
621 280.922
622 280.922
623 280.922
624 280.922
625 280.922
626 280.922
627 280.922
628 280.922
629 280.922
630 280.922
631 280.922
632 280.922
633 280.922
634 280.922
635 280.922
636 280.922
637 280.922
638 280.922
639 280.922
640 280.922
641 280.922
642 280.922
643 280.922
644 280.922
645 280.922
646 280.922
647 280.922
648 280.922
649 280.922
650 280.922
651 280.922
652 280.922
653 280.922
654 280.922
655 272.384
656 272.384
657 272.384
658 272.384
659 272.384
660 272.384
661 272.384
662 272.384
663 272.384
664 272.384
665 272.384
666 272.384
667 272.384
668 272.384
669 272.384
670 272.384
671 272.384
672 272.384
673 272.384
674 272.384
675 272.384
676 272.384
677 272.384
678 272.384
679 272.384
680 272.384
681 272.384
682 272.384
683 272.384
684 272.384
685 272.384
686 272.384
687 272.384
688 272.384
689 272.384
690 272.384
691 272.384
692 272.384
693 272.384
694 272.384
695 272.384
696 272.384
697 272.384
698 272.384
699 272.384
700 272.384
701 272.384
702 272.384
703 272.384
704 272.384
705 272.384
706 272.384
707 272.384
708 272.384
709 272.384
710 272.384
711 272.384
712 272.384
713 272.384
714 272.384
715 272.384
716 272.384
717 272.384
718 272.384
719 272.384
720 272.384
721 272.384
722 272.384
723 272.384
724 272.384
725 272.384
726 272.384
727 272.384
728 272.384
729 272.384
730 272.384
731 272.384
732 272.384
733 272.384
734 272.384
735 272.384
736 272.384
737 272.384
738 272.384
739 272.384
740 272.384
741 272.384
742 272.384
743 272.384
744 272.384
745 272.384
746 272.384
747 272.384
748 272.384
749 272.384
750 272.384
751 272.384
752 272.384
753 272.384
754 272.384
755 272.384
756 272.384
757 272.384
758 272.384
759 272.384
760 272.384
761 272.384
762 272.384
763 272.384
764 272.384
765 272.384
766 272.384
767 272.384
768 272.384
769 272.384
770 272.384
771 272.384
772 272.384
773 272.384
774 272.384
775 272.384
776 272.384
777 272.384
778 272.384
779 272.384
780 272.384
781 272.384
782 272.384
783 272.384
784 272.384
785 272.384
786 272.384
787 272.384
788 272.384
789 272.384
790 272.384
791 272.384
792 272.384
793 272.384
794 272.384
795 272.384
796 272.384
797 272.384
798 272.384
799 272.384
800 272.384
801 272.384
802 272.384
803 272.384
804 272.384
805 272.384
806 272.384
807 272.384
808 272.384
809 272.384
810 272.384
811 272.384
812 272.384
813 272.384
814 272.384
815 272.384
816 272.384
817 272.384
818 272.384
819 272.384
820 272.384
821 272.384
822 272.384
823 272.384
824 272.384
825 272.384
826 272.384
827 272.384
828 272.384
829 272.384
830 272.384
831 272.384
832 272.384
833 272.384
834 272.384
835 272.384
836 272.384
837 272.384
838 272.384
839 272.384
840 272.384
841 272.384
842 272.384
843 272.384
844 272.384
845 272.384
846 272.384
847 272.384
848 272.384
849 272.384
850 272.384
851 272.384
852 272.384
853 272.384
854 272.384
855 272.384
856 272.384
857 272.384
858 272.384
859 272.384
860 272.384
861 272.384
862 272.384
863 272.384
864 272.384
865 272.384
866 272.384
867 272.384
868 272.384
869 272.384
870 272.384
871 272.384
872 272.384
873 272.384
874 272.384
875 272.384
876 272.384
877 272.384
878 272.384
879 272.384
880 272.384
881 272.384
882 272.384
883 272.384
884 272.384
885 272.384
886 272.384
887 272.384
888 272.384
889 272.384
890 272.384
891 272.384
892 272.384
893 272.384
894 272.384
895 272.384
896 272.384
897 272.384
898 272.384
899 272.384
900 272.384
901 272.384
902 272.384
903 272.384
904 272.384
905 272.384
906 272.384
907 272.384
908 272.384
909 272.384
910 272.384
911 272.384
912 272.384
913 272.384
914 272.384
915 272.384
916 272.384
917 272.384
918 272.384
919 272.384
920 272.384
921 272.384
922 272.384
923 272.384
924 272.384
925 272.384
926 272.384
927 272.384
928 272.384
929 272.384
930 272.384
931 272.384
932 272.384
933 272.384
934 272.384
935 272.384
936 272.384
937 272.384
938 272.384
939 272.384
940 272.384
941 272.384
942 272.384
943 272.384
944 272.384
945 272.384
946 272.384
947 272.384
948 272.384
949 272.384
950 272.384
951 272.384
952 272.384
953 272.384
954 272.384
955 272.384
956 272.384
957 272.384
958 272.384
959 272.384
960 272.384
961 272.384
962 272.384
963 272.384
964 272.384
965 272.384
966 272.384
967 272.384
968 272.384
969 272.384
970 272.384
971 272.384
972 272.384
973 272.384
974 272.384
975 272.384
976 272.384
977 272.384
978 272.384
979 272.384
980 272.384
981 272.384
982 272.384
983 272.384
984 272.384
985 272.384
986 272.384
987 272.384
988 272.384
989 272.384
990 272.384
991 272.384
992 272.384
993 272.384
994 272.384
995 272.384
996 272.384
997 272.384
998 272.384
999 272.384
