0 779.744
1 750.113
2 709.443
3 689.827
4 661.291
5 630.178
6 620.437
7 602.982
8 592.072
9 583.421
10 553.631
11 549.092
12 537.12
13 532.719
14 521.764
15 515.544
16 513.288
17 508.763
18 487.771
19 477.339
20 449.61
21 442.939
22 436.096
23 426.772
24 413.539
25 404.575
26 401.492
27 395.621
28 393.225
29 393.225
30 392.011
31 390.31
32 390.265
33 385.834
34 383.967
35 380.908
36 377.549
37 371.806
38 370.958
39 367.981
40 366.394
41 364.857
42 364.857
43 358.293
44 358.293
45 355.357
46 355.352
47 355.352
48 355.352
49 352.399
50 352.399
51 352.399
52 349.78
53 349.78
54 349.31
55 348.878
56 348.104
57 348.059
58 347.885
59 347.864
60 346.925
61 346.925
62 346.925
63 346.925
64 346.925
65 326.232
66 324.218
67 317.989
68 317.989
69 317.944
70 317.944
71 317.913
72 317.509
73 316.963
74 313.082
75 312.138
76 312.138
77 312.138
78 311.16
79 310.002
80 309.318
81 309.318
82 308.667
83 308.667
84 308.484
85 308.484
86 308.484
87 308.484
88 308.484
89 308.484
90 308.484
91 308.484
92 308.484
93 308.484
94 308.484
95 305.31
96 305.31
97 304.762
98 304.762
99 301.833
100 299.635
101 299.635
102 299.635
103 299.635
104 299.635
105 299.635
106 298.625
107 298.625
108 298.625
109 298.625
110 298.625
111 298.625
112 298.625
113 298.625
114 298.625
115 298.625
116 298.625
117 298.625
118 298.625
119 298.625
120 298.625
121 298.625
122 298.625
123 298.625
124 298.625
125 298.625
126 298.625
127 298.625
128 298.625
129 298.625
130 298.625
131 297.775
132 297.775
133 297.775
134 297.775
135 297.775
136 297.775
137 297.775
138 297.775
139 297.775
140 297.775
141 297.775
142 297.775
143 297.775
144 297.775
145 297.775
146 297.775
147 297.775
148 297.775
149 297.775
150 297.775
151 297.775
152 297.775
153 297.775
154 297.775
155 297.775
156 297.775
157 297.775
158 297.775
159 297.775
160 297.775
161 297.775
162 297.775
163 297.775
164 297.775
165 297.775
166 297.775
167 297.775
168 297.775
169 297.775
170 297.775
171 297.775
172 297.775
173 297.775
174 297.775
175 297.775
176 297.775
177 297.775
178 297.775
179 297.775
180 297.775
181 297.775
182 297.775
183 297.775
184 297.775
185 297.617
186 297.617
187 297.617
188 297.193
189 297.193
190 297.193
191 297.193
192 297.193
193 297.193
194 297.193
195 296.832
196 296.832
197 296.832
198 296.832
199 296.459
200 296.459
201 296.459
202 296.459
203 296.459
204 296.459
205 296.459
206 296.459
207 296.459
208 296.459
209 296.459
210 296.459
211 296.459
212 296.459
213 296.459
214 296.459
215 296.459
216 296.459
217 296.459
218 296.459
219 296.459
220 296.459
221 296.459
222 296.459
223 296.459
224 296.459
225 296.459
226 296.459
227 296.459
228 296.459
229 296.459
230 296.459
231 296.459
232 296.459
233 296.459
234 296.459
235 296.459
236 296.459
237 296.459
238 296.459
239 296.459
240 296.459
241 296.459
242 296.459
243 296.459
244 296.459
245 296.459
246 296.459
247 296.459
248 296.459
249 296.459
250 296.459
251 296.459
252 296.459
253 296.459
254 296.459
255 296.459
256 296.459
257 296.459
258 296.459
259 296.459
260 296.459
261 296.459
262 296.459
263 296.459
264 296.459
265 296.459
266 296.459
267 296.459
268 296.459
269 296.459
270 292.998
271 292.998
272 292.998
273 292.998
274 292.998
275 292.998
276 292.998
277 292.998
278 292.998
279 292.998
280 292.998
281 292.998
282 292.998
283 292.998
284 292.998
285 292.998
286 292.998
287 292.998
288 292.998
289 292.998
290 292.998
291 292.998
292 292.998
293 292.998
294 292.998
295 292.998
296 292.998
297 292.998
298 292.998
299 292.998
300 292.998
301 292.998
302 292.998
303 292.998
304 292.998
305 292.998
306 292.998
307 292.998
308 292.998
309 292.998
310 292.998
311 292.998
312 292.998
313 292.998
314 292.998
315 292.998
316 292.998
317 292.998
318 292.998
319 292.998
320 292.998
321 292.998
322 292.998
323 292.998
324 292.998
325 280.922
326 280.922
327 280.922
328 280.922
329 280.922
330 280.922
331 280.922
332 280.922
333 280.922
334 280.922
335 280.922
336 280.922
337 280.922
338 280.922
339 280.922
340 280.922
341 280.922
342 280.922
343 280.922
344 280.922
345 280.922
346 280.922
347 280.922
348 280.922
349 280.922
350 280.922
351 280.922
352 280.922
353 280.922
354 280.922
355 280.922
356 280.922
357 280.922
358 280.922
359 280.922
360 280.922
361 280.922
362 280.922
363 280.922
364 280.922
365 280.922
366 280.922
367 280.922
368 280.922
369 280.922
370 280.922
371 280.922
372 280.922
373 280.922
374 280.922
375 280.922
376 280.922
377 280.922
378 280.922
379 280.922
380 280.922
381 280.922
382 280.922
383 280.922
384 280.922
385 280.922
386 280.922
387 280.922
388 280.922
389 280.922
390 280.922
391 280.922
392 280.922
393 280.922
394 280.922
395 280.922
396 280.922
397 280.922
398 280.922
399 280.922
400 280.922
401 280.922
402 280.922
403 280.922
404 280.922
405 280.922
406 280.922
407 280.922
408 280.922
409 280.922
410 280.922
411 280.922
412 280.922
413 280.922
414 280.922
415 280.922
416 280.922
417 280.922
418 280.922
419 280.922
420 280.922
421 280.922
422 280.922
423 280.922
424 280.922
425 280.922
426 280.922
427 280.922
428 280.922
429 280.922
430 280.922
431 280.922
432 280.922
433 280.922
434 280.922
435 280.922
436 280.922
437 280.922
438 280.922
439 280.922
440 280.922
441 280.922
442 280.922
443 280.922
444 280.922
445 280.922
446 280.922
447 280.922
448 280.922
449 280.922
450 280.922
451 280.922
452 280.922
453 280.922
454 280.922
455 280.922
456 280.922
457 280.922
458 280.922
459 280.922
460 280.922
461 280.922
462 280.922
463 280.922
464 280.922
465 280.922
466 280.922
467 280.922
468 280.922
469 280.922
470 280.922
471 280.922
472 280.922
473 280.922
474 280.922
475 280.922
476 280.922
477 280.922
478 280.922
479 280.922
480 280.922
481 280.922
482 280.922
483 280.922
484 280.922
485 280.922
486 280.922
487 280.922
488 280.922
489 280.922
490 280.922
491 280.922
492 280.922
493 280.922
494 280.922
495 280.922
496 280.922
497 280.922
498 280.922
499 280.922
500 280.922
501 280.922
502 280.922
503 280.922
504 280.922
505 280.922
506 280.922
507 280.922
508 280.922
509 280.922
510 280.922
511 280.922
512 280.922
513 280.922
514 280.922
515 280.922
516 280.922
517 280.922
518 280.922
519 280.922
520 280.922
521 280.922
522 280.922
523 280.922
524 280.922
525 280.922
526 280.922
527 280.922
528 280.922
529 280.922
530 280.922
531 280.922
532 280.922
533 280.922
534 280.922
535 280.922
536 280.922
537 280.922
538 280.922
539 280.922
540 280.922
541 280.922
542 280.922
543 280.922
544 280.922
545 280.922
546 280.922
547 280.922
548 280.922
549 280.922
550 280.922
551 280.922
552 280.922
553 280.922
554 280.922
555 280.922
556 280.922
557 280.922
558 280.922
559 280.922
560 280.922
561 280.922
562 280.922
563 280.922
564 280.922
565 280.922
566 280.922
567 280.922
568 280.922
569 280.922
570 280.922
571 280.922
572 280.922
573 280.922
574 280.922
575 280.922
576 280.922
577 280.922
578 280.922
579 280.922
580 280.922
581 280.922
582 280.922
583 280.922
584 280.922
585 280.922
586 280.922
587 280.922
588 280.922
589 280.922
590 280.922
591 280.922
592 280.922
593 280.922
594 280.922
595 280.922
596 280.922
597 280.922
598 280.922
599 280.922
600 280.922
601 280.922
602 280.922
603 280.922
604 280.922
605 280.922
606 280.922
607 280.922
608 280.922
609 280.922
610 280.922
611 280.922
612 280.922
613 280.922
614 280.922
615 280.922
616 280.922
617 280.922
618 280.922
619 280.922
620 280.922
621 280.922
622 280.922
623 280.922
624 280.922
625 280.922
626 280.922
627 280.922
628 280.922
629 280.922
630 280.922
631 280.922
632 280.922
633 280.922
634 280.922
635 280.922
636 280.922
637 280.922
638 280.922
639 280.922
640 272.384
641 272.384
642 272.384
643 272.384
644 272.384
645 272.384
646 272.384
647 272.384
648 272.384
649 272.384
650 272.384
651 272.384
652 272.384
653 272.384
654 272.384
655 272.384
656 272.384
657 272.384
658 272.384
659 272.384
660 272.384
661 272.384
662 272.384
663 272.384
664 272.384
665 272.384
666 272.384
667 272.384
668 272.384
669 272.384
670 272.384
671 272.384
672 272.384
673 272.384
674 272.384
675 272.384
676 272.384
677 272.384
678 272.384
679 272.384
680 272.384
681 272.384
682 272.384
683 272.384
684 272.384
685 272.384
686 272.384
687 272.384
688 272.384
689 272.384
690 272.384
691 272.384
692 272.384
693 272.384
694 272.384
695 272.384
696 272.384
697 272.384
698 272.384
699 272.384
700 272.384
701 272.384
702 272.384
703 272.384
704 272.384
705 272.384
706 272.384
707 272.384
708 272.384
709 272.384
710 272.384
711 272.384
712 272.384
713 272.384
714 272.384
715 272.384
716 272.384
717 272.384
718 272.384
719 272.384
720 272.384
721 272.384
722 272.384
723 272.384
724 272.384
725 272.384
726 272.384
727 272.384
728 272.384
729 272.384
730 272.384
731 272.384
732 272.384
733 272.384
734 272.384
735 272.384
736 272.384
737 272.384
738 272.384
739 272.384
740 272.384
741 272.384
742 272.384
743 272.384
744 272.384
745 272.384
746 272.384
747 272.384
748 272.384
749 272.384
750 272.384
751 272.384
752 272.384
753 272.384
754 272.384
755 272.384
756 272.384
757 272.384
758 272.384
759 272.384
760 272.384
761 272.384
762 272.384
763 272.384
764 272.384
765 272.384
766 272.384
767 272.384
768 272.384
769 272.384
770 272.384
771 272.384
772 272.384
773 272.384
774 272.384
775 272.384
776 272.384
777 272.384
778 272.384
779 272.384
780 272.384
781 272.384
782 272.384
783 272.384
784 272.384
785 272.384
786 272.384
787 272.384
788 272.384
789 272.384
790 272.384
791 272.384
792 272.384
793 272.384
794 272.384
795 272.384
796 272.384
797 272.384
798 272.384
799 272.384
800 272.384
801 272.384
802 272.384
803 272.384
804 272.384
805 272.384
806 272.384
807 272.384
808 272.384
809 272.384
810 272.384
811 272.384
812 272.384
813 272.384
814 272.384
815 272.384
816 272.384
817 272.384
818 272.384
819 272.384
820 272.384
821 272.384
822 272.384
823 272.384
824 272.384
825 272.384
826 272.384
827 272.384
828 272.384
829 272.384
830 272.384
831 272.384
832 272.384
833 272.384
834 272.384
835 272.384
836 272.384
837 272.384
838 272.384
839 272.384
840 272.384
841 272.384
842 272.384
843 272.384
844 272.384
845 272.384
846 272.384
847 272.384
848 272.384
849 272.384
850 272.384
851 272.384
852 272.384
853 272.384
854 272.384
855 272.384
856 272.384
857 272.384
858 272.384
859 272.384
860 272.384
861 272.384
862 272.384
863 272.384
864 272.384
865 272.384
866 272.384
867 272.384
868 272.384
869 272.384
870 272.384
871 272.384
872 272.384
873 272.384
874 272.384
875 272.384
876 272.384
877 272.384
878 272.384
879 272.384
880 272.384
881 272.384
882 272.384
883 272.384
884 272.384
885 272.384
886 272.384
887 272.384
888 272.384
889 272.384
890 272.384
891 272.384
892 272.384
893 272.384
894 272.384
895 272.384
896 272.384
897 272.384
898 272.384
899 272.384
900 272.384
901 272.384
902 272.384
903 272.384
904 272.384
905 272.384
906 272.384
907 272.384
908 272.384
909 272.384
910 272.384
911 272.384
912 272.384
913 272.384
914 272.384
915 272.384
916 272.384
917 272.384
918 272.384
919 272.384
920 272.384
921 272.384
922 272.384
923 272.384
924 272.384
925 272.384
926 272.384
927 272.384
928 272.384
929 272.384
930 272.384
931 272.384
932 272.384
933 272.384
934 272.384
935 272.384
936 272.384
937 272.384
938 272.384
939 272.384
940 272.384
941 272.384
942 272.384
943 272.384
944 272.384
945 272.384
946 272.384
947 272.384
948 272.384
949 272.384
950 272.384
951 272.384
952 272.384
953 272.384
954 272.384
955 272.384
956 272.384
957 272.384
958 272.384
959 272.384
960 272.384
961 272.384
962 272.384
963 272.384
964 272.384
965 272.384
966 272.384
967 272.384
968 272.384
969 272.384
970 272.384
971 272.384
972 272.384
973 272.384
974 272.384
975 272.384
976 272.384
977 272.384
978 272.384
979 272.384
980 272.384
981 272.384
982 272.384
983 272.384
984 272.384
985 272.384
986 272.384
987 272.384
988 272.384
989 272.384
990 272.384
991 272.384
992 272.384
993 272.384
994 272.384
995 272.384
996 272.384
997 272.384
998 272.384
999 272.384
