0 776.829
1 746.248
2 723.1
3 669.879
4 630.344
5 618.115
6 608.368
7 583.295
8 566.097
9 551.981
10 536.734
11 522.132
12 512.445
13 504.409
14 497.82
15 484.2
16 474.867
17 461.336
18 458.957
19 451.19
20 444.639
21 443.942
22 434.098
23 430.792
24 429.099
25 425.479
26 420.556
27 416.008
28 411.791
29 411.343
30 410.517
31 409.463
32 408.454
33 405.897
34 402.28
35 401.603
36 399.742
37 395.336
38 390.825
39 383.087
40 382.411
41 380.563
42 378.898
43 378.728
44 378.639
45 373.475
46 372.467
47 368.741
48 364.965
49 364.92
50 363.537
51 363.537
52 363.537
53 363.537
54 363.537
55 363.537
56 363.537
57 363.11
58 363.11
59 363.11
60 363.11
61 363.11
62 363.11
63 363.11
64 363.11
65 363.11
66 363.11
67 363.11
68 363.11
69 363.11
70 317.944
71 317.934
72 317.492
73 312.029
74 310.469
75 310.469
76 309.472
77 309.472
78 309.472
79 303.766
80 303.766
81 303.766
82 299.115
83 299.115
84 298.637
85 298.637
86 298.637
87 298.637
88 298.637
89 298.637
90 298.637
91 298.191
92 298.191
93 298.191
94 298.191
95 298.191
96 298.191
97 297.814
98 297.814
99 297.814
100 297.814
101 297.814
102 297.814
103 297.814
104 297.814
105 297.814
106 297.814
107 297.224
108 296.216
109 296.216
110 296.216
111 296.216
112 296.216
113 296.216
114 296.216
115 296.216
116 296.216
117 296.216
118 296.216
119 296.216
120 295.206
121 295.206
122 295.206
123 295.206
124 295.206
125 295.206
126 295.206
127 295.206
128 294.776
129 294.776
130 294.776
131 294.776
132 294.606
133 294.606
134 294.606
135 294.606
136 294.606
137 294.606
138 294.606
139 294.606
140 294.606
141 294.606
142 294.606
143 294.606
144 294.606
145 294.606
146 294.606
147 294.606
148 294.606
149 294.606
150 294.606
151 294.606
152 294.606
153 294.606
154 294.202
155 294.202
156 294.202
157 294.202
158 294.202
159 294.202
160 294.202
161 294.202
162 294.202
163 294.202
164 294.202
165 294.202
166 294.202
167 294.202
168 294.202
169 294.202
170 294.202
171 294.202
172 294.202
173 294.202
174 294.202
175 294.202
176 294.202
177 294.202
178 294.202
179 294.202
180 294.202
181 294.202
182 294.202
183 294.202
184 294.202
185 294.202
186 294.202
187 294.202
188 294.202
189 294.202
190 294.202
191 294.202
192 294.202
193 294.202
194 293.598
195 293.598
196 293.598
197 293.598
198 293.598
199 293.598
200 293.598
201 293.598
202 293.598
203 293.598
204 293.598
205 293.598
206 293.598
207 293.598
208 293.598
209 293.598
210 293.598
211 293.598
212 293.598
213 293.598
214 293.598
215 292.998
216 292.998
217 292.998
218 292.998
219 292.998
220 292.998
221 292.998
222 292.998
223 292.998
224 292.998
225 292.998
226 292.998
227 292.998
228 292.998
229 292.998
230 292.998
231 292.998
232 292.998
233 292.998
234 292.998
235 290.808
236 290.808
237 290.763
238 290.763
239 290.763
240 290.763
241 290.763
242 290.763
243 290.763
244 290.763
245 284.186
246 283.729
247 283.729
248 283.729
249 283.729
250 283.729
251 283.729
252 283.729
253 283.729
254 283.729
255 283.729
256 283.729
257 283.729
258 283.729
259 283.729
260 283.729
261 283.032
262 283.032
263 283.032
264 283.032
265 283.032
266 283.032
267 283.032
268 283.032
269 283.032
270 283.032
271 283.032
272 283.032
273 283.032
274 283.032
275 283.032
276 283.032
277 283.032
278 281.174
279 281.174
280 280.922
281 280.922
282 280.922
283 280.922
284 280.922
285 280.922
286 280.922
287 280.922
288 280.922
289 280.922
290 280.922
291 280.922
292 280.922
293 280.922
294 280.922
295 280.922
296 280.922
297 280.922
298 280.922
299 280.922
300 280.922
301 280.922
302 280.922
303 280.922
304 280.922
305 280.922
306 280.922
307 280.922
308 280.922
309 280.922
310 280.922
311 280.922
312 280.922
313 280.922
314 280.922
315 280.922
316 280.922
317 280.922
318 280.922
319 280.922
320 280.922
321 280.922
322 280.922
323 280.922
324 280.922
325 280.922
326 280.922
327 280.922
328 280.922
329 280.922
330 280.922
331 280.922
332 280.922
333 280.922
334 280.922
335 280.922
336 280.922
337 280.922
338 280.922
339 280.922
340 280.922
341 280.922
342 280.922
343 280.922
344 280.922
345 280.922
346 280.922
347 280.922
348 280.922
349 280.922
350 280.922
351 280.922
352 280.922
353 280.922
354 280.922
355 280.922
356 280.922
357 280.922
358 280.922
359 280.922
360 280.922
361 280.922
362 280.922
363 280.922
364 280.922
365 280.922
366 280.922
367 280.922
368 280.922
369 280.922
370 280.922
371 280.922
372 280.922
373 280.922
374 280.922
375 280.922
376 280.922
377 280.922
378 280.922
379 280.922
380 280.922
381 280.922
382 280.922
383 280.922
384 280.922
385 280.922
386 280.922
387 280.922
388 280.922
389 280.922
390 280.922
391 280.922
392 280.922
393 280.922
394 280.922
395 280.922
396 280.922
397 280.922
398 280.922
399 280.922
400 280.922
401 280.922
402 280.922
403 280.922
404 280.922
405 280.922
406 280.922
407 280.922
408 280.922
409 280.922
410 280.922
411 280.922
412 280.922
413 280.922
414 280.922
415 280.922
416 280.922
417 280.922
418 280.922
419 280.922
420 280.922
421 280.922
422 280.922
423 280.922
424 280.922
425 280.922
426 280.922
427 280.922
428 280.922
429 280.922
430 280.922
431 280.922
432 280.922
433 280.922
434 280.922
435 280.922
436 280.922
437 280.922
438 280.922
439 280.922
440 280.922
441 280.922
442 280.922
443 280.922
444 280.922
445 280.922
446 280.922
447 280.922
448 280.922
449 280.922
450 280.922
451 280.922
452 280.922
453 280.922
454 280.922
455 280.922
456 280.922
457 280.922
458 280.922
459 280.922
460 280.922
461 280.922
462 280.922
463 280.922
464 280.922
465 280.922
466 280.922
467 280.922
468 280.922
469 280.922
470 280.922
471 280.922
472 280.922
473 280.922
474 280.922
475 280.922
476 280.922
477 280.922
478 280.922
479 280.922
480 280.922
481 280.922
482 280.922
483 280.922
484 280.922
485 280.922
486 280.922
487 280.922
488 280.922
489 280.922
490 280.922
491 280.922
492 280.922
493 280.922
494 280.922
495 280.922
496 280.922
497 280.922
498 280.922
499 280.922
500 280.922
501 280.922
502 280.922
503 280.922
504 280.922
505 280.922
506 280.922
507 280.922
508 280.922
509 280.922
510 280.922
511 280.922
512 280.922
513 280.922
514 280.922
515 280.922
516 280.922
517 280.922
518 280.922
519 280.922
520 280.922
521 280.922
522 280.922
523 280.922
524 280.922
525 280.922
526 280.922
527 280.922
528 280.922
529 280.922
530 280.922
531 280.922
532 280.922
533 280.922
534 280.922
535 280.922
536 280.922
537 280.922
538 280.922
539 280.922
540 280.922
541 280.922
542 280.922
543 280.922
544 280.922
545 280.922
546 280.922
547 280.922
548 280.922
549 280.922
550 280.922
551 280.922
552 280.922
553 280.922
554 280.922
555 280.922
556 280.922
557 280.922
558 280.922
559 280.922
560 280.922
561 280.922
562 280.922
563 280.922
564 280.922
565 280.922
566 280.922
567 280.922
568 280.922
569 280.922
570 280.922
571 280.922
572 280.922
573 280.922
574 280.922
575 280.922
576 280.922
577 280.922
578 280.922
579 280.922
580 280.922
581 280.922
582 280.922
583 280.922
584 280.922
585 280.922
586 280.922
587 280.922
588 280.922
589 280.922
590 280.922
591 280.922
592 280.922
593 280.922
594 280.922
595 280.922
596 280.922
597 280.922
598 280.922
599 280.922
600 280.922
601 280.922
602 280.922
603 280.922
604 280.922
605 280.922
606 280.922
607 280.922
608 280.922
609 280.922
610 280.922
611 280.922
612 280.922
613 280.922
614 280.922
615 280.922
616 280.922
617 280.922
618 280.922
619 280.922
620 280.922
621 280.922
622 280.922
623 280.922
624 280.922
625 280.922
626 280.922
627 280.922
628 280.922
629 280.922
630 280.922
631 280.922
632 280.922
633 280.922
634 280.922
635 280.922
636 280.922
637 280.922
638 280.922
639 280.922
640 280.922
641 280.922
642 280.922
643 280.922
644 280.922
645 280.922
646 280.922
647 280.922
648 280.922
649 280.922
650 280.922
651 280.922
652 280.922
653 280.922
654 280.922
655 280.922
656 280.922
657 280.922
658 280.922
659 280.922
660 280.922
661 280.922
662 280.922
663 280.922
664 280.922
665 280.922
666 280.922
667 280.922
668 280.922
669 280.922
670 280.922
671 280.922
672 280.922
673 280.922
674 280.922
675 280.922
676 280.922
677 280.922
678 280.922
679 280.922
680 280.922
681 280.922
682 280.922
683 280.922
684 280.922
685 280.922
686 280.922
687 280.922
688 280.922
689 280.922
690 280.922
691 280.922
692 280.922
693 280.922
694 280.922
695 280.922
696 280.922
697 280.922
698 280.922
699 280.922
700 280.922
701 280.922
702 280.922
703 280.922
704 280.922
705 280.922
706 280.922
707 280.922
708 280.922
709 280.922
710 280.922
711 280.922
712 280.922
713 280.922
714 280.922
715 280.922
716 280.922
717 280.922
718 280.922
719 280.922
720 280.922
721 280.922
722 280.922
723 280.922
724 280.922
725 280.922
726 280.922
727 280.922
728 280.922
729 280.922
730 280.922
731 280.922
732 280.922
733 280.922
734 280.922
735 280.922
736 280.922
737 280.922
738 280.922
739 280.922
740 280.922
741 280.922
742 280.922
743 280.922
744 280.922
745 280.922
746 280.922
747 280.922
748 280.922
749 280.922
750 280.922
751 280.922
752 280.922
753 280.922
754 280.922
755 280.922
756 280.922
757 280.922
758 280.922
759 280.922
760 280.922
761 280.922
762 280.922
763 280.922
764 280.922
765 280.922
766 280.922
767 280.922
768 280.922
769 280.922
770 280.922
771 280.922
772 280.922
773 280.922
774 280.922
775 280.922
776 280.922
777 280.922
778 280.922
779 280.922
780 280.922
781 280.922
782 280.922
783 280.922
784 280.922
785 280.922
786 280.922
787 280.922
788 280.922
789 280.922
790 280.922
791 280.922
792 280.922
793 280.922
794 280.922
795 280.922
796 280.922
797 280.922
798 280.922
799 280.922
800 280.922
801 280.922
802 280.922
803 280.922
804 280.922
805 272.384
806 272.384
807 272.384
808 272.384
809 272.384
810 272.384
811 272.384
812 272.384
813 272.384
814 272.384
815 272.384
816 272.384
817 272.384
818 272.384
819 272.384
820 272.384
821 272.384
822 272.384
823 272.384
824 272.384
825 272.384
826 272.384
827 272.384
828 272.384
829 272.384
830 272.384
831 272.384
832 272.384
833 272.384
834 272.384
835 272.384
836 272.384
837 272.384
838 272.384
839 272.384
840 272.384
841 272.384
842 272.384
843 272.384
844 272.384
845 272.384
846 272.384
847 272.384
848 272.384
849 272.384
850 272.384
851 272.384
852 272.384
853 272.384
854 272.384
855 272.384
856 272.384
857 272.384
858 272.384
859 272.384
860 272.384
861 272.384
862 272.384
863 272.384
864 272.384
865 272.384
866 272.384
867 272.384
868 272.384
869 272.384
870 272.384
871 272.384
872 272.384
873 272.384
874 272.384
875 272.384
876 272.384
877 272.384
878 272.384
879 272.384
880 272.384
881 272.384
882 272.384
883 272.384
884 272.384
885 272.384
886 272.384
887 272.384
888 272.384
889 272.384
890 272.384
891 272.384
892 272.384
893 272.384
894 272.384
895 272.384
896 272.384
897 272.384
898 272.384
899 272.384
900 272.384
901 272.384
902 272.384
903 272.384
904 272.384
905 272.384
906 272.384
907 272.384
908 272.384
909 272.384
910 272.384
911 272.384
912 272.384
913 272.384
914 272.384
915 272.384
916 272.384
917 272.384
918 272.384
919 272.384
920 272.384
921 272.384
922 272.384
923 272.384
924 272.384
925 272.384
926 272.384
927 272.384
928 272.384
929 272.384
930 272.384
931 272.384
932 272.384
933 272.384
934 272.384
935 272.384
936 272.384
937 272.384
938 272.384
939 272.384
940 272.384
941 272.384
942 272.384
943 272.384
944 272.384
945 272.384
946 272.384
947 272.384
948 272.384
949 272.384
950 272.384
951 272.384
952 272.384
953 272.384
954 272.384
955 272.384
956 272.384
957 272.384
958 272.384
959 272.384
960 272.384
961 272.384
962 272.384
963 272.384
964 272.384
965 272.384
966 272.384
967 272.384
968 272.384
969 272.384
970 272.384
971 272.384
972 272.384
973 272.384
974 272.384
975 272.384
976 272.384
977 272.384
978 272.384
979 272.384
980 272.384
981 272.384
982 272.384
983 272.384
984 272.384
985 272.384
986 272.384
987 272.384
988 272.384
989 272.384
990 272.384
991 272.384
992 272.384
993 272.384
994 272.384
995 272.384
996 272.384
997 272.384
998 272.384
999 272.384
