1 473.561 473.561 0
2 660.863 567.212 66.2211
3 809.08 647.835 79.2611
4 954.683 724.547 89.1479
5 1035.1 786.658 90.4021
6 1193.4 854.449 97.4938
7 1244.2 910.128 98.1866
8 1292.7 957.949 96.8611
9 1443.08 1011.85 99.9787
10 1475.54 1058.22 100.158
11 1502.14 1098.58 98.8494
12 1482.09 1130.54 95.6389
13 1637.21 1169.51 95.8952
14 1669.41 1205.22 95.4623
15 1805.78 1245.26 97.132
16 1706.27 1274.07 95.239
17 1841.6 1307.45 95.3082
18 2065.49 1349.57 98.8806
19 2041.6 1385.99 100.16
20 2006.93 1417.04 99.8481
21 2083.01 1448.75 100.003
22 2023.27 1474.86 98.8083
23 1969.08 1496.35 96.8206
24 1916.87 1513.87 94.3585
25 1961.91 1531.8 92.2704
26 2065.27 1552.31 90.9743
27 1953.45 1567.17 88.8097
28 1946.28 1580.71 86.6639
29 2018.7 1595.81 84.9813
30 2021.53 1610 83.325
31 1946.86 1620.87 81.3425
32 1876.2 1628.85 79.191
33 1856.13 1635.74 77.0902
34 1799.01 1640.54 74.9722
35 1881.38 1647.42 73.1453
36 1877.06 1653.8 71.3911
37 2061.73 1664.82 70.3078
38 2030.42 1674.45 69.1127
39 2000.57 1682.81 67.8446
40 2134.96 1694.11 67.0835
41 2159.54 1705.46 66.4009
42 2264.07 1718.76 66.1385
43 2256.55 1731.27 65.7723
44 2164.87 1741.12 65.0115
45 2196.48 1751.24 64.3495
46 2235.49 1761.77 63.8059
47 2088.96 1768.73 62.8269
48 2040.55 1774.4 61.7727
49 2022.62 1779.46 60.7194
50 1959.84 1783.07 59.6121
51 1836.7 1784.12 58.4525
52 1869.31 1785.76 57.3514
53 1800.26 1786.03 56.2699
54 1791.94 1786.14 55.228
55 1810.73 1786.59 54.2257
56 1892.71 1788.48 53.2904
57 1866.63 1789.85 52.3731
58 1874.88 1791.32 51.4907
59 1892.65 1793.04 50.6466
60 1947.85 1795.62 49.8682
61 1880.71 1797.01 49.0702
62 1980.52 1799.97 48.3679
63 1879.56 1801.24 47.6166
64 1905.21 1802.86 46.9003
65 1844.55 1803.5 46.1832
66 1868.94 1804.49 45.4941
67 1877.91 1805.59 44.8282
68 1877.87 1806.65 44.1816
69 1883.58 1807.77 43.5554
70 1999.67 1810.51 43.0193
71 2084.4 1814.37 42.586
72 2068.2 1817.89 42.1402
73 1905.02 1819.09 41.5799
74 1926.55 1820.54 41.0433
75 1902.8 1821.63 40.5107
76 1939.78 1823.19 40.0075
77 1897.35 1824.15 39.4995
78 1912.72 1825.29 39.0094
79 1959.9 1826.99 38.5529
80 2021.19 1829.42 38.1473
81 2039.9 1832.02 37.7647
82 1937.4 1833.3 37.3261
83 1971.2 1834.96 36.9133
84 1898.31 1835.72 36.4816
85 1910.91 1836.6 36.0631
86 1792.45 1836.09 35.6474
87 1849.09 1836.24 35.238
88 1768.64 1835.47 34.8459
89 1938.78 1836.63 34.4737
90 1880.78 1837.12 34.0942
91 1857.14 1837.34 33.7202
92 1913.81 1838.17 33.3639
93 1931.63 1839.18 33.0203
94 1934.71 1840.19 32.6847
95 1941.59 1841.26 32.358
96 2042.62 1843.36 32.0889
97 1943.23 1844.39 31.7746
98 1893.09 1844.89 31.4542
99 1947.99 1845.93 31.1538
100 2123.29 1848.7 30.9654
101 2112.21 1851.31 30.7686
102 2148.83 1854.23 30.6049
103 2256.81 1858.14 30.5563
104 2231.48 1861.72 30.4726
105 2087.75 1863.88 30.2583
106 1994.56 1865.11 29.998
107 2024.52 1866.6 29.7546
108 2054.03 1868.34 29.5297
109 2103.25 1870.49 29.3373
110 2065.78 1872.27 29.1243
111 2124.54 1874.54 28.9504
112 2051.9 1876.12 28.7352
113 1964.14 1876.9 28.4915
114 2043.88 1878.37 28.2792
115 2065.39 1879.99 28.08
116 2029.78 1881.28 27.8676
117 2105.67 1883.2 27.6953
118 2084.7 1884.91 27.5132
119 1961.72 1885.55 27.2896
120 1979.23 1886.34 27.0733
121 1952.79 1886.88 26.8552
122 1962.57 1887.5 26.6422
123 1844.46 1887.15 26.4279
124 1872.73 1887.04 26.215
125 2056.84 1888.4 26.0405
126 1906.21 1888.54 25.8342
127 1945.94 1888.99 25.6347
128 1977.39 1889.68 25.4437
129 2044.75 1890.88 25.2749
130 2136.29 1892.77 25.1509
131 2252.65 1895.52 25.1085
132 2223.34 1898 25.0408
133 2133.48 1899.77 24.915
134 2043.8 1900.85 24.7522
135 2277.14 1903.63 24.7253
136 2143.44 1905.4 24.6063
137 2016.46 1906.21 24.4401
138 1853.34 1905.82 24.266
139 1853.86 1905.45 24.0943
140 1882.26 1905.29 23.9227
141 1850.14 1904.89 23.7563
142 1798.95 1904.15 23.6007
143 1879.68 1903.98 23.4363
144 1973.87 1904.46 23.2785
145 1919.63 1904.57 23.1182
146 1927.8 1904.73 22.9604
147 1939.11 1904.96 22.8054
148 1909.2 1904.99 22.6514
149 1825.43 1904.45 22.5056
150 1918.7 1904.55 22.3558
151 2084.78 1905.74 22.2396
152 2108.27 1907.08 22.1332
153 2151.86 1908.68 22.0462
154 2132.32 1910.13 21.9509
155 2210.5 1912.07 21.8946
156 2053.78 1912.97 21.7731
157 2048.32 1913.84 21.6515
158 1952.11 1914.08 21.5158
159 1911.2 1914.06 21.3805
160 1964.17 1914.37 21.2492
161 1961.8 1914.67 21.1192
162 1964.62 1914.98 20.9911
163 1995.23 1915.47 20.8681
164 1901.16 1915.38 20.741
165 1855.28 1915.02 20.6185
166 1890.69 1914.87 20.4948
167 1875.66 1914.64 20.3735
168 1830.25 1914.13 20.2584
169 1832.58 1913.65 20.1443
170 1974.4 1914.01 20.0289
171 1932.55 1914.12 19.9121
172 1930.56 1914.21 19.7966
173 2103.76 1915.31 19.7124
174 2175.24 1916.8 19.6557
175 2087.13 1917.78 19.5674
176 2074.86 1918.67 19.4766
177 1898.5 1918.55 19.3669
178 1982.63 1918.91 19.2614
179 1999.53 1919.36 19.1591
180 1993.5 1919.78 19.0571
181 1909.04 1919.72 18.9519
182 1929.6 1919.77 18.8478
183 1868.23 1919.49 18.7469
184 1810.66 1918.9 18.6544
185 2063.64 1919.68 18.5699
186 1984.4 1920.03 18.4734
187 1988.32 1920.39 18.3782
188 2015.81 1920.9 18.2874
189 2062.98 1921.65 18.2061
190 1956.72 1921.84 18.1112
191 2144.4 1923 18.0539
192 1976.38 1923.28 17.962
193 2020.41 1923.78 17.8759
194 2101.68 1924.7 17.8073
195 2112.55 1925.66 17.742
196 2124.45 1926.68 17.6805
197 2137.52 1927.75 17.6231
198 2214.37 1929.2 17.5934
199 2122.8 1930.17 17.5319
200 2089.98 1930.97 17.4624
201 2081.65 1931.72 17.3916
202 2106.03 1932.58 17.3269
203 2056.92 1933.19 17.2524
204 2009.76 1933.57 17.1719
205 2064.7 1934.21 17.1001
206 2059.91 1934.82 17.0279
207 2154.32 1935.88 16.9787
208 2107.13 1936.7 16.917
209 2084.85 1937.41 16.8509
210 2085.57 1938.12 16.7854
211 2046.17 1938.63 16.7137
212 2031.52 1939.07 16.6406
213 2008.44 1939.39 16.5656
214 1908.29 1939.25 16.4889
215 1730.36 1938.28 16.4408
216 1737.17 1937.34 16.391
217 1778.43 1936.61 16.3318
218 1749.98 1935.76 16.2793
219 1636 1934.39 16.2624
220 1707.57 1933.36 16.2212
221 1718.66 1932.38 16.1768
222 1828.34 1931.92 16.1107
223 1834.46 1931.48 16.0444
224 1990.56 1931.74 15.975
225 2169.59 1932.8 15.9389
226 2015.88 1933.17 15.8726
227 2129.42 1934.03 15.8262
228 2253.8 1935.43 15.8188
229 2185.83 1936.53 15.7875
230 2165.26 1937.52 15.7501
231 2114.79 1938.29 15.7006
232 2075.92 1938.88 15.6442
233 2055.25 1939.38 15.585
234 1941.33 1939.39 15.5184
235 1943.89 1939.41 15.4524
236 1938.64 1939.41 15.3869
237 1894.35 1939.22 15.3231
238 1852.02 1938.85 15.2631
239 1958.64 1938.93 15.1995
240 1992.83 1939.16 15.1378
241 1970.21 1939.29 15.0756
242 1955.24 1939.35 15.0134
243 1962.64 1939.45 14.9519
244 1907.71 1939.32 14.8912
245 1829.7 1938.87 14.8372
246 1887.86 1938.66 14.7783
247 1837.31 1938.25 14.7242
248 1901.26 1938.1 14.6655
249 1965.14 1938.21 14.6071
250 2180.76 1939.18 14.5808
251 2329.58 1940.74 14.6054
252 2204.22 1941.78 14.5849
253 2041.33 1942.18 14.5325
254 2022.98 1942.5 14.4788
255 2082.87 1943.05 14.4325
256 2158.48 1943.89 14.4006
257 2100.54 1944.5 14.3575
258 2138.08 1945.25 14.3214
259 2033.99 1945.59 14.2702
260 1977.13 1945.71 14.2158
261 1945.7 1945.71 14.1614
262 1934.49 1945.67 14.1074
263 1898.75 1945.49 14.0549
264 1873.2 1945.22 14.0043
265 1945.25 1945.22 13.9515
266 1946.65 1945.22 13.899
267 1894.13 1945.03 13.8483
268 1984.56 1945.18 13.7974
269 1988.14 1945.34 13.747
270 2027.12 1945.64 13.6994
271 1940.18 1945.62 13.6489
272 2011.86 1945.86 13.6009
273 1949.22 1945.88 13.5511
274 1936.03 1945.84 13.5017
275 1961.25 1945.9 13.4527
276 2069.32 1946.34 13.4114
277 2005.49 1946.56 13.3647
278 1956.07 1946.59 13.3166
279 1959.13 1946.64 13.269
280 1990.12 1946.79 13.2225
281 1932.28 1946.74 13.1755
282 1976.11 1946.84 13.1292
283 2225.54 1947.83 13.1197
284 2154.19 1948.56 13.0936
285 2062.62 1948.96 13.0538
286 2004.27 1949.15 13.0096
287 2090.65 1949.64 12.9736
288 2106.6 1950.19 12.94
289 2053.66 1950.54 12.9002
290 2031.03 1950.82 12.8587
291 2064.18 1951.21 12.8204
292 2185.39 1952.01 12.8015
293 2203 1952.87 12.7865
294 2198.96 1953.71 12.7704
295 2086.72 1954.16 12.735
296 2135.41 1954.77 12.7067
297 2130.04 1955.36 12.6776
298 2119.16 1955.91 12.647
299 2121.19 1956.46 12.6168
300 2081.19 1956.88 12.5816
301 2198.51 1957.68 12.5653
302 2143.54 1958.3 12.5388
303 2155.86 1958.95 12.5144
304 2097.75 1959.41 12.4815
305 2109.53 1959.9 12.4503
306 2114.35 1960.4 12.4198
307 2130.83 1960.96 12.3918
308 2124.33 1961.49 12.3629
309 2115.09 1961.99 12.3329
310 2152.34 1962.6 12.3084
311 2171.85 1963.27 12.2872
312 2143.04 1963.85 12.2613
313 2042.54 1964.1 12.2247
314 2072.19 1964.44 12.1906
315 2074.52 1964.79 12.1569
316 2076.48 1965.15 12.1236
317 2035.36 1965.37 12.0874
318 1924.51 1965.24 12.05
319 1983.97 1965.3 12.0124
320 1971.24 1965.32 11.9749
321 1995.77 1965.41 11.9379
322 1926.92 1965.29 11.9015
323 1873.33 1965.01 11.868
324 1929.52 1964.9 11.8319
325 1826.59 1964.47 11.8031
326 1846.38 1964.11 11.7725
327 1771.25 1963.52 11.7513
328 1768.69 1962.93 11.7304
329 1856.71 1962.6 11.6992
330 1813.16 1962.15 11.6725
331 1762.59 1961.55 11.6528
332 1740.07 1960.88 11.6368
333 1652.47 1959.95 11.6387
334 1591.8 1958.85 11.6559
335 1565.19 1957.68 11.6802
336 1773.59 1957.13 11.6583
337 1771.92 1956.58 11.6366
338 1792.3 1956.09 11.6123
339 1874.31 1955.85 11.5806
340 1839.83 1955.51 11.5516
341 1809.58 1955.08 11.5256
342 1882.36 1954.87 11.4939
343 1872.35 1954.63 11.4629
344 1846.23 1954.32 11.4339
345 1825.64 1953.94 11.4068
346 1785.79 1953.46 11.3842
347 1807.49 1953.04 11.3592
348 1969.92 1953.08 11.3266
349 2096.68 1953.5 11.3016
350 2002.23 1953.63 11.2702
351 2006.04 1953.78 11.2391
352 2044.73 1954.04 11.2101
353 1989.4 1954.14 11.1788
354 1892.66 1953.97 11.1486
355 1915.05 1953.86 11.1177
356 1853.95 1953.58 11.09
357 1823.76 1953.22 11.0649
358 1902.94 1953.07 11.0349
359 1903.01 1952.94 11.0051
360 1891.99 1952.77 10.9758
361 1836.7 1952.44 10.9501
362 1904.63 1952.31 10.9206
363 2020.14 1952.5 10.8922
364 1999.46 1952.63 10.863
365 1955.81 1952.64 10.8332
366 1891.04 1952.47 10.8049
367 1906.14 1952.34 10.7762
368 1858.35 1952.09 10.75
369 1806.48 1951.69 10.7281
370 1831.89 1951.37 10.704
371 1873.94 1951.16 10.6772
372 1941.23 1951.13 10.6485
373 1948.48 1951.13 10.62
374 1990.84 1951.23 10.5921
375 2007.34 1951.38 10.5649
376 1892.31 1951.22 10.538
377 1927.46 1951.16 10.5102
378 1855.13 1950.91 10.4855
379 1776.11 1950.45 10.4679
380 1831.85 1950.13 10.445
381 1895.66 1949.99 10.4186
382 1850.05 1949.73 10.3946
383 1766.65 1949.25 10.3785
384 1843.09 1948.98 10.3551
385 1839.37 1948.69 10.3321
386 1981.4 1948.78 10.3057
387 1966.29 1948.82 10.2792
388 1986.83 1948.92 10.2532
389 1959.24 1948.95 10.2268
390 1993.91 1949.06 10.2013
391 1930.22 1949.01 10.1753
392 1715.52 1948.42 10.1668
393 1727.65 1947.85 10.1564
394 1710.04 1947.25 10.1485
395 1713.4 1946.66 10.1401
396 1780.67 1946.24 10.1231
397 1687.91 1945.59 10.1185
398 1691.97 1944.95 10.1132
399 1713.01 1944.37 10.1045
400 1760.78 1943.91 10.0897
401 1758.98 1943.45 10.075
402 1784.63 1943.06 10.0577
403 1979.1 1943.15 10.0332
404 1989.54 1943.26 10.009
405 1983.51 1943.36 9.98476
406 2073.92 1943.68 9.96535
407 2114.62 1944.1 9.94971
408 1971.4 1944.17 9.92555
409 1890.31 1944.04 9.90215
410 1940.32 1944.03 9.878
411 2008.33 1944.18 9.85521
412 1843.92 1943.94 9.83429
413 1929.99 1943.91 9.81054
414 1939.5 1943.9 9.78685
415 1944.63 1943.9 9.76326
416 1974.49 1943.97 9.74007
417 1915.79 1943.9 9.71695
418 1978.89 1943.99 9.69406
419 1997.3 1944.11 9.67176
420 2092.18 1944.47 9.65516
421 2132.92 1944.91 9.64259
422 2081.19 1945.24 9.62515
423 2071.34 1945.54 9.60701
424 2136.17 1945.99 9.59487
425 2221.14 1946.63 9.59411
426 2152.73 1947.12 9.58378
427 2202.6 1947.71 9.57999
428 2172.48 1948.24 9.57199
429 2129.95 1948.66 9.55905
430 2063.74 1948.93 9.54056
431 1938.01 1948.91 9.51846
432 1849.43 1948.68 9.49921
433 1845.71 1948.44 9.48025
434 1992.99 1948.54 9.45896
435 2175.81 1949.06 9.45164
436 2094.28 1949.4 9.43582
437 2134.04 1949.82 9.42369
438 2205.85 1950.4 9.42028
439 2158.23 1950.88 9.41071
440 2237.63 1951.53 9.41186
441 2213.12 1952.12 9.40919
442 2261.41 1952.82 9.41389
443 2136.88 1953.24 9.4018
444 2093.78 1953.55 9.38596
445 2007.14 1953.67 9.36564
446 2221.64 1954.27 9.36389
447 2083.46 1954.56 9.3474
448 2148.59 1955 9.33656
449 2080.06 1955.27 9.31992
450 2134.66 1955.67 9.30773
451 2177.28 1956.16 9.30006
452 2136.16 1956.56 9.288
453 2180.58 1957.06 9.28066
454 2115.72 1957.41 9.26679
455 2034.72 1957.58 9.24798
456 2017.96 1957.71 9.22865
457 1992.84 1957.79 9.20878
458 1982.53 1957.84 9.18883
459 2058.65 1958.06 9.17143
460 1994.82 1958.14 9.15184
461 1914.57 1958.05 9.13248
462 1888.2 1957.89 9.11396
463 1884.42 1957.74 9.09566
464 2022.81 1957.88 9.07714
465 2141.42 1958.27 9.0662
466 2123.39 1958.62 9.05366
467 2117.99 1958.97 9.0407
468 1961.9 1958.97 9.02139
469 1792.99 1958.62 9.00909
470 1802.55 1958.29 8.99604
471 1923.9 1958.21 8.97724
472 1821.19 1957.92 8.96291
473 1881.57 1957.76 8.94542
474 1827.1 1957.49 8.93079
475 1958.83 1957.49 8.91199
476 2015.1 1957.61 8.89409
477 2098.53 1957.91 8.88035
478 2173.55 1958.36 8.87322
479 2163.22 1958.78 8.865
480 2098.61 1959.08 8.85132
481 2104.22 1959.38 8.83806
482 2060.58 1959.59 8.82221
483 1808.09 1959.27 8.80952
484 1985.44 1959.33 8.79149
485 1912.9 1959.23 8.77388
486 1791.8 1958.89 8.76259
487 1696.22 1958.35 8.76118
488 1619.03 1957.65 8.77077
489 1727.96 1957.18 8.76541
490 1649.99 1956.56 8.76991
491 1708.31 1956.05 8.76661
492 1752.52 1955.64 8.75855
493 1773.26 1955.27 8.74859
494 1906.52 1955.17 8.73144
495 1850.05 1954.96 8.71638
496 1820.64 1954.68 8.70301
497 1772.06 1954.32 8.69325
498 1763.67 1953.93 8.68422
499 1884.41 1953.8 8.66794
500 1850.65 1953.59 8.65306
501 1930.08 1953.54 8.63591
502 1991.79 1953.62 8.61904
503 2080.3 1953.87 8.60559
504 2045.97 1954.05 8.59045
505 2017.12 1954.18 8.57435
506 2078.45 1954.42 8.56092
507 2104.38 1954.72 8.54914
508 2103.34 1955.01 8.53732
509 2194.32 1955.48 8.53348
510 2265.83 1956.09 8.53842
511 2187.37 1956.54 8.5337
512 2265.65 1957.15 8.53836
513 2277.63 1957.77 8.54454
514 2026.97 1957.91 8.52898
515 1998.83 1957.99 8.51279
516 2031.05 1958.13 8.49747
517 1859.82 1957.94 8.48316
518 1842.72 1957.71 8.4697
519 1756.84 1957.33 8.46222
520 1824.37 1957.07 8.4498
521 1921.76 1957 8.43386
522 1895.28 1956.89 8.41853
523 1935.38 1956.84 8.40253
524 1920.18 1956.77 8.38679
525 1847.03 1956.57 8.37342
526 1963.52 1956.58 8.35751
527 2002.07 1956.67 8.3421
528 2025.28 1956.8 8.32731
529 2031.96 1956.94 8.31278
530 2016.26 1957.05 8.29785
531 2034.68 1957.2 8.28351
532 1951.34 1957.18 8.26795
533 1979.95 1957.23 8.25255
534 1818.19 1956.97 8.2412
535 1735.22 1956.55 8.23621
536 1948.66 1956.54 8.22086
537 2004.25 1956.63 8.20603
538 1926.14 1956.57 8.19097
539 1941.75 1956.54 8.17582
540 2055.36 1956.73 8.16273
541 2048.93 1956.9 8.14942
542 2152.68 1957.26 8.14239
543 2123.59 1957.56 8.13315
544 2158.13 1957.93 8.12655
545 2060.79 1958.12 8.11383
546 2008.44 1958.21 8.0995
547 1952.6 1958.2 8.08469
548 1832.31 1957.97 8.07321
549 1875.44 1957.82 8.0599
550 1905.04 1957.73 8.04582
551 1974.35 1957.76 8.03127
552 1944.24 1957.73 8.01676
553 2091.55 1957.97 8.00591
554 2036.92 1958.12 7.99273
555 1981.04 1958.16 7.97844
556 1910.84 1958.07 7.96454
557 1901.62 1957.97 7.95089
558 1921.73 1957.91 7.9369
559 2026.18 1958.03 7.92364
560 1926.98 1957.97 7.90969
561 1957.64 1957.97 7.89559
562 2014.49 1958.07 7.88218
563 2068.27 1958.27 7.87061
564 2113.68 1958.54 7.86148
565 1999.91 1958.62 7.8479
566 1916.47 1958.54 7.83439
567 2005.57 1958.63 7.82101
568 2088.92 1958.86 7.81061
569 2166.97 1959.22 7.80544
570 2128.5 1959.52 7.79739
571 1973.22 1959.54 7.78377
572 1947.34 1959.52 7.7702
573 1940 1959.49 7.75671
574 1949.45 1959.47 7.74322
575 1918.88 1959.4 7.73007
576 1856.31 1959.22 7.71872
577 1925.58 1959.16 7.70557
578 1925.41 1959.1 7.69246
579 1801.97 1958.83 7.68396
580 1783.26 1958.53 7.67667
581 1816.98 1958.29 7.66732
582 1907.66 1958.2 7.65464
583 1773.22 1957.88 7.64808
584 1863.62 1957.72 7.63669
585 1922.58 1957.66 7.62387
586 1989.95 1957.71 7.61106
587 1965.68 1957.73 7.59811
588 2013.27 1957.82 7.58577
589 2037.58 1957.96 7.5741
590 1954.78 1957.95 7.56127
591 2074.95 1958.15 7.55106
592 1954.34 1958.14 7.53831
593 2014.89 1958.24 7.52621
594 2035.86 1958.37 7.51467
595 2077.46 1958.57 7.5047
596 2133.75 1958.86 7.49787
597 1965.24 1958.88 7.48531
598 2017.31 1958.97 7.47344
599 2020.23 1959.08 7.46166
600 1900.6 1958.98 7.44986
601 1940.79 1958.95 7.43752
602 1867.08 1958.8 7.42674
603 1811.27 1958.55 7.41845
604 1864.26 1958.39 7.40781
605 1905.99 1958.31 7.39607
606 1916.74 1958.24 7.38418
607 1985.31 1958.28 7.37215
608 2009.32 1958.37 7.36051
609 1974.14 1958.39 7.34847
610 1940.28 1958.36 7.33648
611 1863.47 1958.21 7.32611
612 1835.99 1958.01 7.31687
613 1800.93 1957.75 7.30941
614 1927.6 1957.7 7.29767
615 1758.8 1957.38 7.29297
616 1793.15 1957.11 7.286
617 1759.56 1956.79 7.28123
618 1816.59 1956.57 7.27298
619 1949.92 1956.56 7.26124
620 1939.41 1956.53 7.24958
621 1827.9 1956.32 7.24086
622 1723.98 1955.95 7.23885
623 1814.41 1955.72 7.23079
624 1839.45 1955.53 7.22161
625 1719.1 1955.16 7.21995
626 1775.4 1954.87 7.21413
627 1813.4 1954.64 7.20615
628 1811.67 1954.42 7.19827
629 1906.47 1954.34 7.18723
630 1981.96 1954.38 7.17596
631 2009.03 1954.47 7.16511
632 2061.01 1954.64 7.15575
633 1999.35 1954.71 7.1448
634 2113.32 1954.96 7.1379
635 2161.85 1955.28 7.1341
636 2167.68 1955.62 7.13069
637 2280.21 1956.13 7.13768
638 2256.02 1956.6 7.14195
639 2163.27 1956.92 7.1381
640 2237.82 1957.36 7.14042
641 2131.2 1957.63 7.13443
642 2070.61 1957.81 7.12549
643 1959.56 1957.81 7.11441
644 1989.72 1957.86 7.10353
645 1818.27 1957.64 7.09582
646 1928.66 1957.6 7.08497
647 1715.87 1957.23 7.08387
648 1712.84 1956.85 7.08297
649 1745.94 1956.52 7.07951
650 1906.56 1956.45 7.06903
651 1896.9 1956.35 7.05876
652 1885.61 1956.25 7.04877
653 1870.81 1956.12 7.03919
654 1900.48 1956.03 7.02894
655 1858.81 1955.88 7.01978
656 1915.3 1955.82 7.00935
657 2023.17 1955.92 6.99943
658 2196.97 1956.29 6.99837
659 2188.64 1956.64 6.99663
660 2110.22 1956.87 6.9899
661 2141.71 1957.15 6.98491
662 2091.37 1957.36 6.9773
663 2038.04 1957.48 6.96784
664 1986.27 1957.52 6.95748
665 1971.35 1957.54 6.94705
666 1910.25 1957.47 6.93698
667 2025.36 1957.57 6.92733
668 2222.47 1957.97 6.9283
669 2120.92 1958.21 6.92222
670 1910.62 1958.14 6.91226
671 1783.54 1957.88 6.90685
672 1830.95 1957.69 6.89915
673 1777 1957.42 6.89412
674 1733.1 1957.09 6.89193
675 1717.14 1956.74 6.89088
676 1719.25 1956.38 6.88963
677 1770.44 1956.11 6.88493
678 1760.15 1955.82 6.88084
679 1727.61 1955.49 6.87891
680 1798.4 1955.25 6.87267
681 1754.48 1954.96 6.8689
682 1843.95 1954.8 6.86075
683 1807.23 1954.58 6.85411
684 1608.09 1954.07 6.86278
685 1636.56 1953.61 6.8684
686 1638.91 1953.15 6.87369
687 1655.2 1952.72 6.87736
688 1669.92 1952.31 6.87963
689 1635.68 1951.85 6.88498
690 1852.02 1951.7 6.87652
691 1860.95 1951.57 6.86782
692 1857.88 1951.44 6.85923
693 1741.96 1951.13 6.85599
694 1860.31 1951 6.84736
695 1808.09 1950.8 6.8406
696 1821.41 1950.61 6.83329
697 1805.21 1950.4 6.82667
698 1898.61 1950.33 6.8173
699 1940.86 1950.31 6.80756
700 1955.89 1950.32 6.79784
701 1913 1950.27 6.78835
702 1890.31 1950.18 6.77921
703 1962.94 1950.2 6.7696
704 2030.87 1950.32 6.76095
705 1959.92 1950.33 6.75137
706 1881.71 1950.23 6.74251
707 1851.65 1950.09 6.73441
708 1806.85 1949.89 6.72794
709 1823.14 1949.71 6.72083
710 1774.48 1949.47 6.71589
711 1825.1 1949.29 6.70872
712 1807.72 1949.09 6.70225
713 1823.84 1948.92 6.69515
714 1971.8 1948.95 6.68585
715 1904.81 1948.89 6.67678
716 1862.47 1948.77 6.66855
717 1885.23 1948.68 6.65984
718 1901.34 1948.61 6.65089
719 1892.22 1948.53 6.6421
720 2049.21 1948.67 6.63435
721 2158.38 1948.96 6.63152
722 2096.83 1949.17 6.62549
723 1993.1 1949.23 6.61661
724 1949.39 1949.23 6.60747
725 1931.13 1949.2 6.5984
726 1919.83 1949.16 6.58944
727 1891.03 1949.08 6.58086
728 1981.79 1949.13 6.57197
729 1792.54 1948.91 6.56647
730 1873.43 1948.81 6.55829
731 1931.92 1948.79 6.54936
732 2030.28 1948.9 6.54135
733 2069.86 1949.06 6.53451
734 2095.34 1949.26 6.52865
735 2085.63 1949.45 6.5224
736 2061.89 1949.6 6.51533
737 2033.98 1949.72 6.50749
738 2149.65 1949.99 6.50431
739 2170.02 1950.29 6.50232
740 2171.57 1950.58 6.50041
741 1928.63 1950.55 6.4917
742 2096.34 1950.75 6.48593
743 2036.71 1950.87 6.47823
744 2003.99 1950.94 6.46991
745 2041.74 1951.06 6.46238
746 1832.91 1950.9 6.45566
747 1848.32 1950.76 6.44847
748 1849.13 1950.63 6.44128
749 1845.75 1950.49 6.43421
750 1736.54 1950.2 6.43195
751 1765.89 1949.96 6.42806
752 1754.55 1949.7 6.42477
753 1878.81 1949.6 6.41692
754 1922.82 1949.57 6.40851
755 1904.56 1949.51 6.4003
756 1836.93 1949.36 6.39357
757 1858.16 1949.24 6.38625
758 1883.03 1949.15 6.37843
759 1859.28 1949.03 6.37112
760 1863.93 1948.92 6.36372
761 1860.75 1948.81 6.35642
762 1757.1 1948.55 6.35305
763 1733.03 1948.27 6.351
764 1883.96 1948.19 6.34325
765 2015.87 1948.28 6.33557
766 1910.1 1948.23 6.3275
767 1793.5 1948.02 6.32246
768 1818.31 1947.86 6.31648
769 1789.26 1947.65 6.31164
770 1901.61 1947.59 6.30372
771 1902.06 1947.53 6.29582
772 1885.23 1947.45 6.28819
773 1896.66 1947.38 6.28039
774 1745.03 1947.12 6.27772
775 1719.31 1946.83 6.2765
776 1682.1 1946.49 6.27767
777 1694.73 1946.16 6.27795
778 1736.86 1945.89 6.27564
779 1736.66 1945.63 6.27333
780 1754.28 1945.38 6.27008
781 1690.27 1945.05 6.27056
782 1744.82 1944.8 6.26776
783 1676.04 1944.45 6.26915
784 1705.78 1944.15 6.26854
785 1769.65 1943.93 6.2645
786 1814.05 1943.76 6.25871
787 2011.1 1943.85 6.25134
788 2049.73 1943.98 6.24485
789 2043.66 1944.11 6.23821
790 2072.82 1944.27 6.23244
791 2235.87 1944.64 6.23546
792 2272.25 1945.05 6.24129
793 2319.1 1945.53 6.25122
794 2223.08 1945.88 6.25311
795 2095.7 1946.06 6.24808
796 2131.64 1946.3 6.24458
797 2098.39 1946.49 6.23966
798 2080.21 1946.66 6.23409
799 2084.31 1946.83 6.22867
800 2009.17 1946.91 6.22137
801 2136.67 1947.14 6.21811
802 2078.21 1947.31 6.21251
803 1963.38 1947.33 6.2048
804 1973.73 1947.36 6.19717
805 1975.52 1947.39 6.18957
806 1933.31 1947.38 6.18192
807 1985.22 1947.42 6.17444
808 2085.77 1947.59 6.16917
809 2061.35 1947.73 6.16314
810 2006.59 1947.81 6.15596
811 1957.02 1947.82 6.14838
812 2044.07 1947.94 6.14195
813 1959.45 1947.95 6.13442
814 1790.4 1947.76 6.12993
815 1902.04 1947.7 6.12267
816 1891.35 1947.63 6.11555
817 1973.7 1947.66 6.10815
818 1953.94 1947.67 6.10069
819 1965.97 1947.69 6.09328
820 1981.18 1947.74 6.08599
821 2006.23 1947.81 6.07899
822 2078.07 1947.97 6.07366
823 1962.15 1947.98 6.0663
824 2024.62 1948.08 6.05966
825 2070.18 1948.22 6.05412
826 2063.94 1948.36 6.04841
827 2112.68 1948.56 6.04436
828 2203.22 1948.87 6.04488
829 2151.98 1949.11 6.04255
830 2151.8 1949.36 6.0402
831 2048.52 1949.48 6.03411
832 1964.47 1949.5 6.02689
833 1945.41 1949.49 6.01965
834 2027.63 1949.59 6.01316
835 2053.46 1949.71 6.00725
836 1998.39 1949.77 6.00035
837 1988.05 1949.81 5.99335
838 1974.44 1949.84 5.98627
839 1907.5 1949.79 5.97935
840 1948.72 1949.79 5.97223
841 2025.99 1949.88 5.96582
842 2127.53 1950.09 5.96246
843 1996.13 1950.15 5.95564
844 2013.46 1950.22 5.94905
845 1876.71 1950.14 5.94265
846 2074.55 1950.28 5.93744
847 2177.16 1950.55 5.93647
848 2277.33 1950.94 5.94197
849 2199.63 1951.23 5.94218
850 2116.17 1951.42 5.93836
851 2087.14 1951.58 5.93352
852 1987.43 1951.62 5.92671
853 1984.58 1951.66 5.91989
854 2004.73 1951.73 5.91328
855 1953.58 1951.73 5.90637
856 1892.66 1951.66 5.89987
857 1943.38 1951.65 5.89299
858 1906.59 1951.6 5.88636
859 1889.56 1951.52 5.87995
860 1887.83 1951.45 5.87358
861 1903.18 1951.39 5.86702
862 1982.78 1951.43 5.86033
863 1966.7 1951.45 5.85357
864 1835.57 1951.31 5.84833
865 1799.46 1951.14 5.8442
866 1817.58 1950.98 5.83949
867 1808.01 1950.82 5.83508
868 1767.63 1950.61 5.83217
869 1725.61 1950.35 5.83121
870 1628.75 1949.98 5.83621
871 1740.91 1949.74 5.83444
872 1783.35 1949.55 5.83087
873 1746.14 1949.32 5.82884
874 1715.55 1949.05 5.82831
875 1750.9 1948.82 5.82605
876 1919.52 1948.79 5.81949
877 1947.93 1948.79 5.81285
878 1941.14 1948.78 5.80624
879 1941.3 1948.77 5.79964
880 1920.26 1948.74 5.79314
881 1994.09 1948.79 5.78679
882 1977.88 1948.82 5.78033
883 2084.48 1948.98 5.77582
884 1877.83 1948.9 5.76985
885 1868.01 1948.8 5.76405
886 1981.31 1948.84 5.75766
887 1947.83 1948.84 5.75117
888 1886.78 1948.77 5.74512
889 2000.17 1948.83 5.73895
890 2059.87 1948.95 5.73386
891 2172.97 1949.2 5.73293
892 2298.98 1949.6 5.7399
893 2366 1950.06 5.75238
894 2197.24 1950.34 5.75259
895 2177.05 1950.59 5.75174
896 1962.5 1950.6 5.74533
897 1936.28 1950.59 5.73895
898 2087.75 1950.74 5.73459
899 1882.3 1950.67 5.72872
900 1688.2 1950.37 5.72977
901 1735.33 1950.14 5.72838
902 1765.69 1949.93 5.72568
903 1786.78 1949.75 5.72219
904 1885.82 1949.68 5.71629
905 1888.51 1949.61 5.71038
906 1889.04 1949.54 5.70446
907 1786.04 1949.36 5.70102
908 1810.41 1949.21 5.6968
909 1740.17 1948.98 5.69517
910 1774.77 1948.79 5.69213
911 1794.12 1948.62 5.68841
912 1756.03 1948.41 5.68609
913 1877.49 1948.33 5.6804
914 1921.27 1948.3 5.67426
915 1945.64 1948.3 5.66806
916 1855.3 1948.2 5.66278
917 1876.54 1948.12 5.65714
918 1696.1 1947.84 5.65764
919 1776.81 1947.66 5.65454
920 1746.56 1947.44 5.65262
921 1795.28 1947.27 5.64889
922 1814.3 1947.13 5.64461
923 1913.4 1947.09 5.63861
924 1920.51 1947.07 5.63258
925 1964.51 1947.08 5.62652
926 2023.16 1947.17 5.62105
927 1959.58 1947.18 5.615
928 1935.15 1947.17 5.60896
929 1979.08 1947.2 5.60303
930 2024.07 1947.28 5.59762
931 2045.84 1947.39 5.59261
932 2125.82 1947.58 5.58988
933 2089.37 1947.73 5.58596
934 2122.97 1947.92 5.58312
935 2046.89 1948.03 5.57816
936 2062.02 1948.15 5.57353
937 2028.41 1948.23 5.56824
938 2000.85 1948.29 5.56258
939 2004.04 1948.35 5.55698
940 1904.68 1948.3 5.55126
941 1993.05 1948.35 5.54556
942 2022.85 1948.43 5.54024
943 1958.82 1948.44 5.53438
944 1978.44 1948.47 5.5286
945 1967.93 1948.49 5.52279
946 2061.7 1948.61 5.51825
947 2088.83 1948.76 5.51441
948 2060.38 1948.88 5.50985
949 2110.26 1949.05 5.50667
950 2142.66 1949.25 5.50464
951 2140.07 1949.45 5.50251
952 2145.8 1949.66 5.50059
953 2052.83 1949.77 5.49588
954 2107.4 1949.93 5.49261
955 2048.52 1950.04 5.48783
956 1990.91 1950.08 5.48225
957 2030.85 1950.16 5.47717
958 1964.78 1950.18 5.47148
959 2038.32 1950.27 5.46654
960 2077.81 1950.4 5.46246
961 2124.71 1950.58 5.45979
962 2016.79 1950.65 5.45455
963 2050.33 1950.76 5.44987
964 2105.53 1950.92 5.44658
965 2147.04 1951.12 5.44472
966 2204.33 1951.38 5.44539
967 2158.57 1951.6 5.44397
968 2148.96 1951.8 5.44217
969 2093.61 1951.95 5.43852
970 2031.96 1952.03 5.43354
971 2049.61 1952.13 5.42887
972 2026.2 1952.21 5.42382
973 2093.88 1952.35 5.4202
974 2028.37 1952.43 5.4152
975 2026.96 1952.51 5.41018
976 2160.93 1952.72 5.40885
977 2210.55 1952.98 5.40975
978 2413.09 1953.45 5.42464
979 2165.54 1953.67 5.42342
980 2052.5 1953.77 5.41882
981 2133.01 1953.95 5.41638
982 2150.59 1954.15 5.41456
983 2095.09 1954.3 5.41095
984 2036.55 1954.38 5.4061
985 2097.97 1954.53 5.40258
986 2047.62 1954.62 5.39792
987 2096.56 1954.77 5.39437
988 2084.91 1954.9 5.39052
989 2033.06 1954.98 5.38565
990 1958.69 1954.98 5.38021
991 1971.37 1955 5.3748
992 1918.18 1954.96 5.36951
993 1991.68 1955 5.36423
994 2058.56 1955.1 5.35985
995 1911.07 1955.06 5.35464
996 1960.49 1955.06 5.34927
997 1937.06 1955.04 5.34394
998 1935.48 1955.02 5.33862
999 1992.08 1955.06 5.3334
1000 2050.13 1955.16 5.32892
1001 2109.84 1955.31 5.32583
1002 2061.22 1955.42 5.32157
1003 2066.02 1955.53 5.3174
1004 2035.59 1955.61 5.3127
1005 2039.59 1955.69 5.30808
1006 2080.07 1955.81 5.30424
1007 2045.28 1955.9 5.29971
1008 1990.68 1955.94 5.29457
1009 2001.4 1955.98 5.28951
1010 2010.86 1956.04 5.28456
1011 1913.86 1956 5.27949
1012 1756.83 1955.8 5.27794
1013 1864.24 1955.71 5.27351
1014 1832.97 1955.59 5.2697
1015 1852.23 1955.49 5.26549
1016 1861.56 1955.39 5.26112
1017 1864.46 1955.3 5.2567
1018 1809.22 1955.16 5.2535
1019 1948.95 1955.15 5.24835
1020 2024.43 1955.22 5.24364
1021 2043.47 1955.31 5.23922
1022 1943.51 1955.3 5.2341
1023 2062.69 1955.4 5.23004
1024 2128.91 1955.57 5.22767
1025 2152.56 1955.76 5.22611
1026 2208.64 1956.01 5.22682
1027 2231.83 1956.28 5.22863
1028 2158.93 1956.48 5.22726
1029 2195.94 1956.71 5.22735
1030 2065.09 1956.81 5.22334
1031 1926.61 1956.78 5.21835
1032 1933.74 1956.76 5.21334
1033 1901.83 1956.71 5.20857
1034 1838.41 1956.59 5.20479
1035 1816.32 1956.46 5.20152
1036 1776.81 1956.29 5.19939
1037 1820 1956.15 5.19604
1038 1995.17 1956.19 5.19117
1039 1914.98 1956.15 5.18632
1040 1694.31 1955.9 5.18744
1041 1703.01 1955.66 5.18815
1042 1820.13 1955.53 5.1848
1043 1817.4 1955.39 5.18152
1044 1983.91 1955.42 5.17663
1045 2048.54 1955.51 5.17244
1046 1987.49 1955.54 5.16759
1047 1996.78 1955.58 5.1628
1048 1994.44 1955.62 5.15801
1049 2022.78 1955.68 5.15349
1050 1979.31 1955.7 5.14863
1051 1978.96 1955.73 5.14378
1052 1954.41 1955.73 5.13889
1053 1912.67 1955.68 5.13417
1054 1978.86 1955.71 5.12935
1055 2000.11 1955.75 5.12466
1056 1942.96 1955.74 5.11982
1057 1955.51 1955.74 5.11497
1058 1933.42 1955.71 5.11018
1059 2019.44 1955.78 5.10571
1060 2019.3 1955.84 5.10125
1061 2174.05 1956.04 5.10058
1062 2112.94 1956.19 5.09792
1063 2104.31 1956.33 5.09503
1064 2042.59 1956.41 5.09088
1065 2007.67 1956.46 5.08633
1066 1982.61 1956.48 5.08162
1067 1897.79 1956.43 5.07715
1068 1954.62 1956.42 5.0724
1069 2039.99 1956.5 5.06826
1070 2083.76 1956.62 5.06492
1071 2009.19 1956.67 5.06043
1072 1870.17 1956.59 5.05635
1073 1772.02 1956.42 5.05456
1074 1733.87 1956.21 5.0541
1075 1760.72 1956.03 5.05267
1076 1916.62 1955.99 5.04811
1077 1892.43 1955.93 5.04376
1078 1886.41 1955.87 5.0395
1079 1806.12 1955.73 5.03674
1080 1871.54 1955.65 5.03268
1081 1921.14 1955.62 5.02812
1082 1931.61 1955.6 5.02352
1083 1969.64 1955.61 5.0189
1084 1984.98 1955.64 5.01435
1085 1869.7 1955.56 5.01035
1086 1925.6 1955.53 5.00581
1087 2023.32 1955.59 5.0016
1088 2048.12 1955.68 4.99772
1089 1975.14 1955.7 4.99316
1090 1858.89 1955.61 4.98937
1091 1956.72 1955.61 4.9848
1092 2138.18 1955.78 4.98304
1093 1962.9 1955.78 4.97848
1094 1909.62 1955.74 4.97411
1095 1978.33 1955.76 4.96961
1096 1972.59 1955.78 4.9651
1097 2124.76 1955.93 4.96296
1098 2172.63 1956.13 4.96237
1099 2220.51 1956.37 4.96368
1100 2088.58 1956.49 4.96062
1101 1947.84 1956.48 4.95612
1102 1845.51 1956.38 4.95265
1103 2023.18 1956.44 4.94853
1104 1962.8 1956.45 4.94405
1105 1974.51 1956.46 4.9396
1106 1872.96 1956.39 4.93571
1107 1826.66 1956.27 4.93265
1108 1859.01 1956.18 4.92897
1109 2054.74 1956.27 4.92533
1110 2078.45 1956.38 4.92212
1111 2081.07 1956.49 4.91897
1112 2042.74 1956.57 4.91516
1113 1997.88 1956.61 4.91088
1114 1945.3 1956.6 4.90649
1115 1978.13 1956.62 4.90212
1116 1979.86 1956.64 4.89778
1117 1944.4 1956.63 4.8934
1118 1996.72 1956.66 4.88916
1119 2006.28 1956.71 4.88499
1120 2044.44 1956.79 4.88126
1121 2026.99 1956.85 4.8773
1122 2150.6 1957.02 4.87601
1123 1974.34 1957.04 4.87169
1124 1801.81 1956.9 4.86932
1125 1941.15 1956.88 4.86501
1126 2020.08 1956.94 4.86101
1127 1870.4 1956.86 4.85731
1128 1752.01 1956.68 4.85639
1129 1807.24 1956.55 4.8539
1130 1860.1 1956.46 4.85035
1131 1820.26 1956.34 4.84756
1132 1892.32 1956.29 4.8436
1133 1870.57 1956.21 4.83992
1134 1933.39 1956.19 4.83569
1135 1943.08 1956.18 4.83145
1136 1988.21 1956.21 4.82728
1137 1883.9 1956.14 4.82345
1138 1841.18 1956.04 4.82027
1139 1859.35 1955.96 4.81678
1140 1851.4 1955.87 4.81343
1141 1919.05 1955.83 4.80932
1142 1942.46 1955.82 4.80512
1143 1970.08 1955.84 4.80094
1144 2022.84 1955.89 4.7971
1145 2145.23 1956.06 4.79576
1146 2015.3 1956.11 4.79185
1147 2029.49 1956.18 4.7881
1148 2131.39 1956.33 4.78636
1149 2116.51 1956.47 4.78423
1150 1947.93 1956.46 4.78007
1151 1855.26 1956.37 4.77673
1152 1818.02 1956.25 4.77409
1153 1867.58 1956.17 4.77057
1154 1947.11 1956.17 4.76644
1155 1945.61 1956.16 4.76232
1156 2005.36 1956.2 4.75839
1157 2047.34 1956.28 4.75493
1158 1999.39 1956.32 4.75097
1159 1933.01 1956.3 4.74692
1160 1967 1956.31 4.74283
1161 2018.01 1956.36 4.73905
1162 2082.48 1956.47 4.73621
1163 2024.92 1956.53 4.7325
1164 2008.49 1956.57 4.72865
1165 1847.11 1956.48 4.72552
1166 2001.49 1956.52 4.72163
1167 2009.94 1956.56 4.7178
1168 1989.73 1956.59 4.71385
1169 2122.65 1956.73 4.71196
1170 2012.43 1956.78 4.70817
1171 1959.69 1956.78 4.70415
1172 1950.62 1956.78 4.70014
1173 1985.77 1956.8 4.6962
1174 1976.9 1956.82 4.69223
1175 2061.66 1956.91 4.68908
1176 1904.94 1956.86 4.6853
1177 1931.67 1956.84 4.68137
1178 1934.2 1956.82 4.67744
1179 1883.11 1956.76 4.67389
1180 1858.59 1956.68 4.67067
1181 1907.8 1956.64 4.6669
1182 1859.17 1956.55 4.66368
1183 1913.56 1956.52 4.65988
1184 1867.48 1956.44 4.65655
1185 1889.77 1956.39 4.65296
1186 1917.08 1956.35 4.64915
1187 2026.98 1956.41 4.64562
1188 2075.96 1956.51 4.6428
1189 2039.35 1956.58 4.63941
1190 1986.08 1956.61 4.63558
1191 1896.36 1956.56 4.63196
1192 1875.84 1956.49 4.62857
1193 1886.33 1956.43 4.62507
1194 1848.29 1956.34 4.62208
1195 2065.85 1956.43 4.61912
1196 2094.13 1956.55 4.61669
1197 2160.21 1956.72 4.61597
1198 2109.53 1956.84 4.61388
1199 2096.61 1956.96 4.6115
1200 2017.05 1957.01 4.60793
1201 1892.78 1956.96 4.60441
1202 1801.29 1956.83 4.6024
1203 1936.78 1956.81 4.5986
1204 1935.81 1956.79 4.59482
1205 1909.73 1956.75 4.59117
1206 1930.28 1956.73 4.58741
1207 2059.39 1956.82 4.5844
1208 1983.83 1956.84 4.58066
1209 1903.52 1956.8 4.57708
1210 1825.73 1956.69 4.57458
1211 1819.82 1956.57 4.5722
1212 1925.57 1956.55 4.5685
1213 1874.5 1956.48 4.56524
1214 1862.89 1956.4 4.56213
1215 1852.09 1956.32 4.55918
1216 1731.88 1956.13 4.55916
1217 1890.13 1956.08 4.55574
1218 1913.22 1956.04 4.55214
1219 2102.68 1956.16 4.54999
1220 2081.28 1956.27 4.54742
1221 2069.89 1956.36 4.54464
1222 1905.23 1956.32 4.54112
1223 1878.6 1956.25 4.53785
1224 1902.08 1956.21 4.53436
1225 2002.3 1956.25 4.53081
1226 2103.28 1956.37 4.5287
1227 1972.27 1956.38 4.52503
1228 1900.64 1956.34 4.52157
1229 1841.9 1956.24 4.51885
1230 1884.3 1956.18 4.51556
1231 1921.58 1956.16 4.51198
1232 1798.63 1956.03 4.51013
1233 1879.74 1955.97 4.50689
1234 1780.45 1955.82 4.50548
1235 1839.43 1955.73 4.50282
1236 1908.08 1955.69 4.49934
1237 1981.5 1955.71 4.49576
1238 1929.79 1955.69 4.49217
1239 1993.71 1955.72 4.48865
1240 1959.63 1955.72 4.48503
1241 1943.07 1955.71 4.48143
1242 2028.42 1955.77 4.4782
1243 2023.36 1955.83 4.47493
1244 1980.78 1955.85 4.47138
1245 1896.13 1955.8 4.46805
1246 1903.07 1955.76 4.46466
1247 1875.93 1955.69 4.46154
1248 1924.86 1955.67 4.45803
1249 1926.06 1955.64 4.45453
1250 1919.69 1955.62 4.45106
1251 2035.45 1955.68 4.44795
1252 1943.25 1955.67 4.44441
1253 2086.26 1955.77 4.44209
1254 2080.7 1955.87 4.43966
1255 2021.73 1955.93 4.43643
1256 2021.16 1955.98 4.43321
1257 1997.86 1956.01 4.42981
1258 2009.52 1956.05 4.42649
1259 2090.12 1956.16 4.42425
1260 1988.79 1956.19 4.42082
1261 2051.13 1956.26 4.41795
1262 2031.28 1956.32 4.41485
1263 2029.66 1956.38 4.41174
1264 1987.68 1956.4 4.40832
1265 1964.87 1956.41 4.40484
1266 1988.68 1956.44 4.40143
1267 1869.62 1956.37 4.39849
1268 1860.37 1956.29 4.39567
1269 1859.32 1956.22 4.39287
1270 1896.85 1956.17 4.38966
1271 1841.73 1956.08 4.38713
1272 1911.58 1956.04 4.38382
1273 1856.46 1955.97 4.38108
1274 1918.62 1955.94 4.37774
1275 2038.27 1956 4.37478
1276 2050.1 1956.07 4.37197
1277 1881.66 1956.02 4.36894
1278 1893.98 1955.97 4.36579
1279 1994.31 1956 4.36248
1280 1940.04 1955.99 4.35909
1281 1960.07 1955.99 4.35569
1282 1858.82 1955.91 4.35295
1283 1973.11 1955.93 4.34958
1284 1837.48 1955.83 4.34717
1285 1823.3 1955.73 4.34501
1286 1804.19 1955.61 4.34323
1287 1830.07 1955.52 4.34095
1288 1865.03 1955.44 4.33814
1289 2000.12 1955.48 4.33492
1290 1965.4 1955.49 4.33156
1291 1991.59 1955.52 4.3283
1292 2025.2 1955.57 4.32528
1293 2114.53 1955.69 4.32369
1294 2074.41 1955.78 4.32132
1295 2140.26 1955.93 4.32033
1296 2021.46 1955.98 4.31729
1297 1845.64 1955.89 4.3148
1298 1845.3 1955.81 4.31232
1299 1933.7 1955.79 4.30903
1300 1850.73 1955.71 4.30647
1301 1738.36 1955.54 4.3064
1302 1854.93 1955.46 4.30379
1303 1864.74 1955.39 4.30105
1304 2065.02 1955.48 4.29857
1305 2010.7 1955.52 4.29549
1306 1960.74 1955.53 4.2922
1307 2116.2 1955.65 4.29068
1308 1981.86 1955.67 4.28744
1309 1899.09 1955.62 4.28438
1310 1943.22 1955.62 4.28112
1311 1946.78 1955.61 4.27786
1312 1924.64 1955.59 4.27467
1313 1918.28 1955.56 4.27151
1314 1865.99 1955.49 4.2688
1315 1874.25 1955.43 4.266
1316 1875.2 1955.37 4.2632
1317 1956.4 1955.37 4.25996
1318 1944.29 1955.36 4.25673
1319 1892.2 1955.31 4.25378
1320 1974.94 1955.33 4.25058
1321 1865.14 1955.26 4.24791
1322 1815.42 1955.15 4.24601
1323 1943.7 1955.14 4.24281
1324 1930.06 1955.12 4.23965
1325 2024.03 1955.18 4.23677
1326 2039.43 1955.24 4.23405
1327 2148.84 1955.38 4.23337
1328 2142.08 1955.53 4.23252
1329 2187.58 1955.7 4.23294
1330 2069.05 1955.79 4.23061
1331 2065 1955.87 4.22823
1332 2046.84 1955.94 4.22561
1333 2053.35 1956.01 4.22307
1334 1959.17 1956.01 4.2199
1335 1919.94 1955.98 4.21683
1336 2030.88 1956.04 4.21404
1337 2026.91 1956.09 4.21123
1338 2072.9 1956.18 4.20898
1339 2008.08 1956.22 4.20602
1340 1931.42 1956.2 4.20292
1341 1950.7 1956.2 4.19979
1342 1906.03 1956.16 4.19682
1343 1796.78 1956.04 4.19538
1344 1917.64 1956.01 4.19235
1345 1869.7 1955.95 4.18973
1346 1872.51 1955.89 4.18707
1347 1958.95 1955.89 4.18396
1348 1967.8 1955.9 4.18087
1349 1922.36 1955.87 4.17784
1350 1910.28 1955.84 4.17489
1351 1894.13 1955.79 4.17205
1352 1906.92 1955.76 4.16912
1353 1982.08 1955.78 4.16608
1354 1994.29 1955.8 4.1631
1355 2065.95 1955.89 4.16082
1356 2095.03 1955.99 4.15902
1357 2096.93 1956.09 4.15725
1358 2053.07 1956.16 4.1548
1359 2064.53 1956.24 4.15251
1360 1898.2 1956.2 4.14968
1361 2020.67 1956.25 4.1469
1362 2064.59 1956.33 4.14462
1363 2040.66 1956.39 4.14204
1364 2093.35 1956.49 4.14022
1365 2271.16 1956.72 4.1436
1366 2246.56 1956.93 4.14599
1367 2264.15 1957.16 4.14905
1368 2164.71 1957.31 4.14879
1369 2072.09 1957.39 4.1466
1370 2061.52 1957.47 4.14427
1371 2070 1957.55 4.14206
1372 2079.79 1957.64 4.14
1373 2117.95 1957.76 4.13863
1374 2098.46 1957.86 4.13689
1375 2116.94 1957.97 4.1355
1376 2176.81 1958.13 4.13555
1377 2303.3 1958.38 4.14013
1378 2289.19 1958.62 4.14408
1379 2372.7 1958.92 4.15194
1380 2203.39 1959.1 4.15271
1381 2092.2 1959.2 4.15082
1382 2011.4 1959.24 4.14799
1383 1977.73 1959.25 4.14501
1384 1930.38 1959.23 4.14207
1385 1954.52 1959.23 4.13908
1386 1872.9 1959.16 4.13656
1387 1880.15 1959.11 4.13397
1388 1933.71 1959.09 4.13104
1389 1872.89 1959.03 4.12853
1390 1815.83 1958.92 4.12684
1391 1907.68 1958.89 4.12404
1392 1803.24 1958.77 4.12259
1393 1854.56 1958.7 4.12031
1394 1761.38 1958.56 4.11979
1395 1873.53 1958.5 4.11729
1396 1796.11 1958.38 4.11598
1397 1815.27 1958.28 4.11431
1398 1751.23 1958.13 4.11403
1399 1744.18 1957.98 4.11393
1400 1699.06 1957.79 4.11515
1401 1663.5 1957.58 4.11757
1402 1610.68 1957.33 4.12206
1403 1617.1 1957.09 4.12625
1404 1665.18 1956.88 4.12854
1405 1750.77 1956.74 4.12821
1406 1795.54 1956.62 4.12687
1407 1794.2 1956.51 4.12555
1408 1877.24 1956.45 4.123
1409 1827.89 1956.36 4.12108
1410 1869.69 1956.3 4.11862
1411 1902.39 1956.26 4.11588
1412 1951.87 1956.26 4.11296
1413 2021.85 1956.3 4.11032
1414 1945.21 1956.3 4.10742
1415 1995.44 1956.32 4.10461
1416 1804.01 1956.22 4.10312
1417 1869.29 1956.15 4.10068
1418 1872.25 1956.1 4.09822
1419 1721.33 1955.93 4.09867
1420 1863.36 1955.86 4.0963
1421 1990.85 1955.89 4.09349
1422 1900.82 1955.85 4.09079
1423 1815.07 1955.75 4.08911
1424 1710.2 1955.58 4.08988
1425 1747.76 1955.43 4.08961
1426 1692.45 1955.25 4.09089
1427 1768.08 1955.12 4.09013
1428 1768.84 1954.99 4.08935
1429 1838.43 1954.91 4.0873
1430 1771.2 1954.78 4.08646
1431 1780.01 1954.65 4.08543
1432 1687.74 1954.47 4.08682
1433 1754.33 1954.33 4.08636
1434 1753.43 1954.19 4.08591
1435 1742.91 1954.04 4.08571
1436 1799.18 1953.93 4.08429
1437 1833.73 1953.85 4.0823
1438 1840.19 1953.77 4.08023
1439 1859.35 1953.71 4.07792
1440 1870.55 1953.65 4.0755
1441 1996.81 1953.68 4.07278
1442 1848.71 1953.6 4.07061
1443 1807.5 1953.5 4.06905
1444 1768.11 1953.38 4.06825
1445 1857.79 1953.31 4.06597
1446 1840.16 1953.23 4.06392
1447 1860.61 1953.17 4.06161
1448 1910.15 1953.14 4.05892
1449 1976.66 1953.15 4.05615
1450 1973.71 1953.17 4.05337
1451 1966 1953.18 4.05059
1452 2112.76 1953.29 4.04929
1453 2084.93 1953.38 4.04752
1454 2142.91 1953.51 4.04683
1455 2039.05 1953.57 4.04448
1456 2071.48 1953.65 4.04251
1457 2005.9 1953.68 4.0399
1458 1898.87 1953.65 4.0373
1459 1953.73 1953.65 4.03453
1460 2092.62 1953.74 4.03289
1461 2101.32 1953.84 4.0314
1462 2049.28 1953.91 4.02917
1463 2210.47 1954.08 4.03023
1464 2238.8 1954.28 4.03216
1465 2157.46 1954.42 4.0318
1466 2222.45 1954.6 4.03319
1467 2120.24 1954.71 4.03202
1468 2178.29 1954.86 4.03215
1469 2111.91 1954.97 4.03082
1470 2111.17 1955.08 4.02948
1471 2162.67 1955.22 4.02921
1472 2189.8 1955.38 4.02962
1473 2136.07 1955.5 4.02876
1474 2194.19 1955.66 4.02928
1475 2251.23 1955.86 4.03152
1476 2145.81 1955.99 4.03085
1477 2034 1956.04 4.02846
1478 2085.47 1956.13 4.02669
1479 2083.77 1956.22 4.02489
1480 2083.7 1956.3 4.02309
1481 2106.51 1956.4 4.02165
1482 1953.15 1956.4 4.01894
1483 1943.55 1956.39 4.01624
1484 1913.43 1956.37 4.01364
1485 1884.28 1956.32 4.01123
1486 2020.76 1956.36 4.00876
1487 1990.92 1956.38 4.00614
1488 1992.79 1956.41 4.00352
1489 2080.73 1956.49 4.0017
1490 2078.49 1956.57 3.99985
1491 2094.93 1956.67 3.99825
1492 2061.73 1956.74 3.99619
1493 2126.81 1956.85 3.99513
1494 2203.48 1957.02 3.99587
1495 2082.34 1957.1 3.99407
1496 1983.31 1957.12 3.99144
1497 1811.83 1957.02 3.98996
1498 1831.53 1956.94 3.98817
1499 1804.82 1956.83 3.9868
1500 1877.54 1956.78 3.9845
1501 1860.93 1956.72 3.98235
1502 1851.97 1956.65 3.98031
1503 1975.4 1956.66 3.97768
1504 1988.3 1956.68 3.97509
1505 2006.89 1956.71 3.97259
1506 1957.39 1956.72 3.96995
1507 1943.2 1956.71 3.96733
1508 2011.73 1956.74 3.96487
1509 1994.29 1956.77 3.96232
1510 1976.64 1956.78 3.95972
1511 2063.38 1956.85 3.95772
1512 2014.55 1956.89 3.95529
1513 1959.64 1956.89 3.95268
1514 1997.19 1956.92 3.95016
1515 2142.98 1957.04 3.94946
1516 2233.61 1957.22 3.95106
1517 2126.28 1957.33 3.95003
1518 2062.38 1957.4 3.94803
1519 2015.27 1957.44 3.94562
1520 1997.2 1957.47 3.94311
1521 1983.67 1957.49 3.94055
1522 1945.35 1957.48 3.93797
1523 1940.03 1957.47 3.9354
1524 1909.89 1957.43 3.93295
1525 1806.57 1957.34 3.93161
1526 1776.52 1957.22 3.93082
1527 1759.5 1957.09 3.93038
1528 1854.55 1957.02 3.92838
1529 1793.08 1956.91 3.92727
1530 1847.2 1956.84 3.92536
1531 1811.09 1956.75 3.92395
1532 1847.61 1956.68 3.92203
1533 1874.94 1956.62 3.91984
1534 1828.14 1956.54 3.91818
1535 1882.51 1956.49 3.91592
1536 1916.04 1956.46 3.91346
1537 2006.92 1956.5 3.91105
1538 1943.37 1956.49 3.90852
1539 2066.18 1956.56 3.90663
1540 2160.34 1956.69 3.90633
1541 2111.8 1956.79 3.90509
1542 2181.13 1956.94 3.90527
1543 2138.32 1957.06 3.90451
1544 2080.28 1957.14 3.9028
1545 1999.77 1957.16 3.90037
1546 2001.04 1957.19 3.89795
1547 1952.07 1957.19 3.89543
1548 1918.36 1957.16 3.89299
1549 1973.71 1957.17 3.8905
1550 2009.19 1957.21 3.88813
1551 1980.66 1957.22 3.88565
1552 1997.11 1957.25 3.88323
1553 1872.94 1957.19 3.88111
1554 1884.83 1957.15 3.87889
1555 2025.85 1957.19 3.87665
1556 2014.09 1957.23 3.87433
1557 2111.87 1957.33 3.87312
1558 1933.12 1957.31 3.87066
1559 1776.26 1957.2 3.86992
1560 1947.83 1957.19 3.86745
1561 2019.96 1957.23 3.86518
1562 2092.04 1957.32 3.86367
1563 2139.65 1957.43 3.86295
1564 2210.51 1957.59 3.86387
1565 2211.39 1957.76 3.86481
1566 2261.39 1957.95 3.8672
1567 2244.53 1958.13 3.86905
1568 2224.63 1958.3 3.87032
1569 2060.46 1958.37 3.8684
1570 2064.14 1958.44 3.86652
1571 1984.18 1958.45 3.86409
1572 2129.85 1958.56 3.86317
1573 2138.64 1958.68 3.86241
1574 2027.52 1958.72 3.86021
1575 2119.04 1958.82 3.8591
1576 2049.9 1958.88 3.85708
1577 2146.95 1959 3.85648
1578 2026.75 1959.04 3.85427
1579 2064.25 1959.11 3.85241
1580 2073.85 1959.18 3.85065
1581 2111.22 1959.28 3.84942
1582 2084.44 1959.36 3.8478
1583 2058.48 1959.42 3.84588
1584 1907.3 1959.39 3.84359
1585 1919.35 1959.36 3.84125
1586 2040.89 1959.41 3.83917
1587 2034.82 1959.46 3.83705
1588 2073.22 1959.53 3.8353
1589 2052.02 1959.59 3.83333
1590 2006.14 1959.62 3.83103
1591 1983.08 1959.63 3.82865
1592 1913.86 1959.6 3.82635
1593 1857.89 1959.54 3.82448
1594 1818.82 1959.45 3.8231
1595 1975.82 1959.46 3.82072
1596 2180.41 1959.6 3.82083
1597 2123.07 1959.7 3.81981
1598 2163.3 1959.83 3.81954
1599 2091.22 1959.91 3.81804
1600 1836.59 1959.84 3.81643
1601 1842.31 1959.76 3.81475
1602 1811.62 1959.67 3.81349
1603 1864.65 1959.61 3.81157
1604 1815.65 1959.52 3.81025
1605 1756.13 1959.39 3.80999
1606 1851.92 1959.33 3.8082
1607 1877.67 1959.28 3.80617
1608 1820.34 1959.19 3.80478
1609 1915.63 1959.16 3.80252
1610 1795.5 1959.06 3.80151
1611 1777.83 1958.95 3.80082
1612 1772.87 1958.83 3.80021
1613 1819.7 1958.75 3.79883
1614 1879 1958.7 3.7968
1615 2017.12 1958.73 3.79462
1616 2090.36 1958.81 3.79315
1617 2037.01 1958.86 3.79111
1618 1947.47 1958.86 3.78878
1619 1995.99 1958.88 3.7865
1620 1947.28 1958.87 3.78417
1621 1948.59 1958.87 3.78184
1622 1889.36 1958.82 3.77976
1623 1805.94 1958.73 3.7786
1624 1801.42 1958.63 3.77752
1625 1830.89 1958.55 3.77601
1626 1996.96 1958.58 3.77376
1627 2100.73 1958.66 3.77245
1628 2037.53 1958.71 3.77045
1629 1948.84 1958.71 3.76814
1630 1904.34 1958.67 3.76597
1631 1923.64 1958.65 3.76372
1632 1945.16 1958.64 3.76143
1633 1925.4 1958.62 3.75918
1634 2055.5 1958.68 3.75735
1635 2176.8 1958.82 3.75742
1636 2003.81 1958.84 3.75522
1637 2105.37 1958.93 3.75399
1638 2164.52 1959.06 3.7538
1639 2226.99 1959.22 3.75507
1640 2237.26 1959.39 3.7566
1641 2200.39 1959.54 3.75718
1642 2341.67 1959.77 3.76209
1643 2210.28 1959.92 3.76289
1644 2296.23 1960.13 3.76616
1645 2303.08 1960.34 3.76964
1646 2265.36 1960.52 3.7719
1647 2357.4 1960.76 3.7773
1648 2255.89 1960.94 3.77925
1649 2331.32 1961.17 3.78362
1650 2308.74 1961.38 3.78719
1651 2379.56 1961.63 3.79336
1652 2348.73 1961.86 3.79829
1653 2242.27 1962.03 3.79978
1654 2356.72 1962.27 3.80497
1655 2338.64 1962.5 3.80946
1656 2292.24 1962.7 3.81236
1657 2335.65 1962.92 3.8167
1658 2309.19 1963.13 3.8201
1659 2191.54 1963.27 3.82028
1660 2254.07 1963.45 3.82199
1661 2310.16 1963.65 3.82539
1662 2314.36 1963.87 3.8289
1663 2309.23 1964.07 3.83223
1664 2290.88 1964.27 3.83495
1665 2158.56 1964.39 3.83443
1666 2049.26 1964.44 3.83246
1667 2105.57 1964.52 3.8311
1668 2236.1 1964.69 3.83226
1669 2251.51 1964.86 3.83382
1670 2192.97 1964.99 3.83395
1671 2296.23 1965.19 3.83678
1672 2316.73 1965.4 3.84024
1673 2377.77 1965.65 3.84585
1674 2264.48 1965.83 3.84769
1675 2189.78 1965.96 3.84772
1676 2193.19 1966.1 3.84781
1677 2176.32 1966.22 3.84755
1678 2136.55 1966.32 3.8466
1679 1975.12 1966.33 3.84431
1680 2062.12 1966.39 3.84245
1681 1933.55 1966.37 3.84021
1682 1914.49 1966.34 3.83805
1683 2027.64 1966.37 3.83594
1684 2146.48 1966.48 3.83516
1685 2026.75 1966.51 3.83305
1686 1934.84 1966.5 3.83082
1687 1954.96 1966.49 3.82856
1688 1961.32 1966.49 3.82629
1689 1970.72 1966.49 3.82402
1690 1878.96 1966.44 3.82211
1691 1998.92 1966.46 3.8199
1692 2039.31 1966.5 3.81789
1693 2014.65 1966.53 3.81574
1694 2002.86 1966.55 3.81354
1695 1965.8 1966.55 3.81129
1696 1930.21 1966.53 3.80911
1697 1885.97 1966.48 3.80716
1698 1993.9 1966.5 3.80495
1699 1979.3 1966.5 3.80272
1700 1969.35 1966.5 3.80048
1701 1968.58 1966.51 3.79825
1702 2097.12 1966.58 3.79679
1703 2065.7 1966.64 3.79501
1704 1950.18 1966.63 3.79279
1705 1899.79 1966.59 3.79077
1706 1964.12 1966.59 3.78855
1707 2047.73 1966.64 3.78663
1708 2011.08 1966.66 3.7845
1709 1932.8 1966.64 3.78234
1710 2000.13 1966.66 3.78018
1711 2006.78 1966.69 3.77804
1712 1891.64 1966.64 3.77609
1713 1850.51 1966.58 3.77449
1714 1846.4 1966.51 3.77294
1715 1989.39 1966.52 3.77076
1716 2028.31 1966.55 3.76874
1717 2001.82 1966.58 3.7666
1718 1895.14 1966.53 3.76464
1719 1945.58 1966.52 3.76247
1720 1887.05 1966.48 3.76056
1721 1875.63 1966.42 3.75875
1722 1806.27 1966.33 3.75772
1723 1769.95 1966.22 3.75726
1724 1832.74 1966.14 3.75588
1725 1761.07 1966.02 3.75559
1726 1749.97 1965.89 3.75549
1727 1888.52 1965.85 3.75359
1728 1721.24 1965.71 3.75408
1729 1672.41 1965.54 3.75574
1730 1726.42 1965.4 3.75611
1731 1693.14 1965.24 3.75724
1732 1668.29 1965.07 3.75898
1733 1652.7 1964.89 3.76113
1734 1619.69 1964.69 3.76422
1735 1667.45 1964.52 3.76595
1736 1672.96 1964.35 3.76752
1737 1675.85 1964.19 3.76901
1738 1696.57 1964.03 3.76999
1739 1765.78 1963.92 3.76954
1740 1719.38 1963.78 3.77
1741 1738.12 1963.65 3.77006
1742 1764.66 1963.53 3.76963
1743 1761.51 1963.42 3.76924
1744 1800.48 1963.32 3.76824
1745 1887.9 1963.28 3.76633
1746 1891.55 1963.24 3.7644
1747 2023.73 1963.28 3.7624
1748 1910.38 1963.24 3.76037
1749 2049.47 1963.29 3.75854
1750 1996.23 1963.31 3.75644
1751 2060.04 1963.37 3.7547
1752 1930.84 1963.35 3.75261
1753 1866.31 1963.29 3.75087
1754 1833.75 1963.22 3.74946
1755 1785.93 1963.12 3.74869
1756 1812.69 1963.03 3.74753
1757 1875.55 1962.98 3.74573
1758 1910.28 1962.95 3.74372
1759 2002.58 1962.98 3.74166
1760 1952.54 1962.97 3.73954
1761 2061.86 1963.03 3.73783
1762 1947.52 1963.02 3.73572
1763 1916.7 1962.99 3.7337
1764 1989.32 1963.01 3.73161
1765 1994.2 1963.02 3.72954
1766 2005.61 1963.05 3.7275
1767 2058.63 1963.1 3.72579
1768 2098.25 1963.18 3.72446
1769 2001.6 1963.2 3.72242
1770 1962.72 1963.2 3.72032
1771 1881.97 1963.15 3.7185
1772 1881.42 1963.11 3.71669
1773 1884.33 1963.06 3.71486
1774 1970.67 1963.07 3.71276
1775 2084.95 1963.14 3.71131
1776 2096.26 1963.21 3.70998
1777 2145.74 1963.31 3.70931
1778 2108.65 1963.4 3.70812
1779 2136.57 1963.49 3.70732
1780 2201.87 1963.63 3.70765
1781 2306.49 1963.82 3.71056
1782 2351.04 1964.04 3.71484
1783 2164.35 1964.15 3.71445
1784 2241.36 1964.31 3.71562
1785 2135.13 1964.4 3.71477
1786 2132.65 1964.49 3.71389
1787 2115.05 1964.58 3.71276
1788 2053.17 1964.63 3.71102
1789 2093.53 1964.7 3.70964
1790 1964.29 1964.7 3.70757
1791 1883.21 1964.66 3.70578
1792 1916.44 1964.63 3.70381
1793 1956.69 1964.62 3.70175
1794 2006.6 1964.65 3.69976
1795 2099.05 1964.72 3.69845
1796 2096.43 1964.8 3.69712
1797 2124.28 1964.88 3.69613
1798 2011.34 1964.91 3.69416
1799 2028.1 1964.95 3.69228
1800 2078.05 1965.01 3.69076
1801 2143.16 1965.11 3.69004
1802 2106.64 1965.19 3.68882
1803 2058.94 1965.24 3.68714
1804 2128.74 1965.33 3.68621
1805 2128.36 1965.42 3.68528
1806 2072.12 1965.48 3.68371
1807 2162.53 1965.59 3.68329
1808 2118.26 1965.67 3.68222
1809 2134.01 1965.76 3.68136
1810 2036.92 1965.8 3.67953
1811 1984.04 1965.81 3.67751
1812 1943 1965.8 3.67551
1813 1933.91 1965.78 3.67352
1814 1979.99 1965.79 3.6715
1815 1946.63 1965.78 3.6695
1816 2002.63 1965.8 3.66753
1817 2117.96 1965.88 3.66647
1818 2161.74 1965.99 3.66604
1819 2121.32 1966.08 3.66501
1820 1887.47 1966.03 3.66326
1821 1883.09 1965.99 3.66153
1822 1914.93 1965.96 3.65962
1823 1899.19 1965.92 3.6578
1824 1955.89 1965.92 3.6558
1825 1806.5 1965.83 3.65484
1826 1918.57 1965.81 3.65293
1827 1956.72 1965.8 3.65093
1828 1932.97 1965.78 3.64898
1829 1907.14 1965.75 3.64713
1830 1757.88 1965.64 3.6469
1831 1882.1 1965.59 3.6452
1832 1907.04 1965.56 3.64335
1833 1873.97 1965.51 3.6417
1834 1906.89 1965.48 3.63986
1835 1927.11 1965.46 3.63793
1836 1852.56 1965.39 3.63647
1837 1861.4 1965.34 3.63493
1838 1786.26 1965.24 3.63426
1839 1817.68 1965.16 3.63317
1840 1896.18 1965.12 3.63139
1841 1868.71 1965.07 3.62979
1842 1833.23 1965 3.62853
1843 1723.38 1964.87 3.62893
1844 1726.25 1964.74 3.62926
1845 1840.31 1964.67 3.62792
1846 2037.93 1964.71 3.62618
1847 2063.38 1964.76 3.62461
1848 1999.44 1964.78 3.62269
1849 1980.48 1964.79 3.62074
1850 2046.96 1964.84 3.61906
1851 1905.77 1964.8 3.61724
1852 1903.34 1964.77 3.61544
1853 1906.58 1964.74 3.61363
1854 1929.91 1964.72 3.61173
1855 1962.4 1964.72 3.60978
1856 1858.89 1964.66 3.60829
1857 1941.84 1964.65 3.60637
1858 1977.38 1964.66 3.60443
1859 1888.28 1964.62 3.60273
1860 1817.32 1964.54 3.60166
1861 1723.99 1964.41 3.60204
1862 1733.82 1964.28 3.60224
1863 1845.11 1964.22 3.60087
1864 1835.79 1964.15 3.5996
1865 1886.75 1964.11 3.59791
1866 1867.09 1964.06 3.59635
1867 1848.67 1964 3.59496
1868 1881.18 1963.95 3.59331
1869 1866.54 1963.9 3.59176
1870 1813.05 1963.82 3.59075
1871 1740.17 1963.7 3.59082
1872 1881.18 1963.65 3.58917
1873 1830.47 1963.58 3.58796
1874 1857.76 1963.53 3.58649
1875 1917.73 1963.5 3.58466
1876 2052.67 1963.55 3.58306
1877 2014.77 1963.58 3.58126
1878 1999.3 1963.6 3.5794
1879 1990.26 1963.61 3.57753
1880 2045.32 1963.65 3.57589
1881 1988.25 1963.67 3.57401
1882 1986.05 1963.68 3.57213
1883 1927.34 1963.66 3.57028
1884 1925.15 1963.64 3.56845
1885 1912.64 1963.61 3.56666
1886 1797.16 1963.52 3.56586
1887 1789.01 1963.43 3.56517
1888 1844.93 1963.37 3.56383
1889 1868.71 1963.32 3.5623
1890 2031.93 1963.36 3.5606
1891 2052.67 1963.4 3.55903
1892 2011.95 1963.43 3.55724
1893 2044.2 1963.47 3.55562
1894 2090.99 1963.54 3.55438
1895 2038.04 1963.58 3.55272
1896 1943.2 1963.57 3.55086
1897 1944.48 1963.56 3.549
1898 2068.37 1963.61 3.54756
1899 1988.79 1963.62 3.54572
1900 1996.26 1963.64 3.54389
1901 2030.38 1963.68 3.5422
1902 1961.11 1963.68 3.54034
1903 1782.95 1963.58 3.53976
1904 1785.17 1963.49 3.53914
1905 1754.67 1963.38 3.53898
1906 1764.2 1963.27 3.53866
1907 1776.92 1963.18 3.53815
1908 1818.77 1963.1 3.53711
1909 1756.62 1962.99 3.53691
1910 1706.48 1962.86 3.53761
1911 1683.18 1962.71 3.53878
1912 1695.99 1962.57 3.53968
1913 1731.64 1962.45 3.53989
1914 1779.28 1962.35 3.53933
1915 1725.63 1962.23 3.53964
1916 1749.95 1962.12 3.53953
1917 1765.42 1962.02 3.53917
1918 1848.45 1961.96 3.53782
1919 1950.54 1961.95 3.53598
1920 2032.22 1961.99 3.53433
1921 2093.53 1962.06 3.53315
1922 1967.81 1962.06 3.53131
1923 1920.91 1962.04 3.52954
1924 2065.76 1962.09 3.52812
1925 2089.99 1962.16 3.52691
1926 2132.28 1962.25 3.52619
1927 2239.56 1962.39 3.52729
1928 2112.39 1962.47 3.52632
1929 2172.62 1962.58 3.52617
1930 2191.33 1962.7 3.52634
1931 2100.05 1962.77 3.52523
1932 2202.55 1962.89 3.52559
1933 2120.4 1962.97 3.52471
1934 2024.35 1963.01 3.52303
1935 2102.8 1963.08 3.52195
1936 2081.67 1963.14 3.52066
1937 2126.18 1963.22 3.51985
1938 2083.98 1963.29 3.51858
1939 1973.48 1963.29 3.51677
1940 1947.85 1963.28 3.51497
1941 1978.1 1963.29 3.51317
1942 2078.44 1963.35 3.51186
1943 2137.18 1963.44 3.51119
1944 2218.14 1963.57 3.51183
1945 2143.67 1963.66 3.51124
1946 2168.49 1963.77 3.51102
1947 2181.69 1963.88 3.511
1948 2079.69 1963.94 3.5097
1949 1960.27 1963.94 3.5079
1950 2076.67 1964 3.50657
1951 2045.22 1964.04 3.50502
1952 2009.02 1964.06 3.5033
1953 1926.07 1964.04 3.50156
1954 1922.45 1964.02 3.49984
1955 1871.32 1963.97 3.49837
1956 1932.39 1963.96 3.49662
1957 2036.68 1963.99 3.49503
1958 2047.93 1964.04 3.49351
1959 1983.81 1964.05 3.49174
1960 1995.45 1964.06 3.48999
1961 2137.15 1964.15 3.48933
1962 2214.2 1964.28 3.48988
1963 2199.48 1964.4 3.49015
1964 2158.34 1964.5 3.48977
1965 2168.42 1964.6 3.48954
1966 2093.13 1964.67 3.48838
1967 2063.58 1964.72 3.48697
1968 2089.79 1964.78 3.48577
1969 1967.14 1964.78 3.484
1970 1862.89 1964.73 3.48262
1971 1982.64 1964.74 3.48087
1972 1877.29 1964.69 3.47938
1973 1816.17 1964.62 3.47843
1974 1855.45 1964.56 3.47711
1975 1811.95 1964.49 3.47621
1976 1933.11 1964.47 3.47449
1977 1878.38 1964.43 3.473
1978 1952.21 1964.42 3.47125
1979 1993.55 1964.43 3.46953
1980 1875.27 1964.39 3.46807
1981 1988.53 1964.4 3.46634
1982 2144.3 1964.49 3.46578
1983 2309.19 1964.67 3.46839
1984 2227.6 1964.8 3.46917
1985 2189.66 1964.91 3.46927
1986 2234.39 1965.05 3.47018
1987 2139.65 1965.14 3.46954
1988 2218.36 1965.26 3.47013
1989 2100.99 1965.33 3.46906
1990 2049.72 1965.37 3.46758
1991 2058.53 1965.42 3.46615
1992 2059.52 1965.47 3.46473
1993 1886.39 1965.43 3.46322
1994 1851.55 1965.37 3.46195
1995 1831.17 1965.3 3.46087
1996 1849.05 1965.25 3.45963
1997 1850.53 1965.19 3.45837
1998 1861.74 1965.14 3.45703
1999 1939.65 1965.12 3.45532
2000 1860.4 1965.07 3.45399
