1 -8.48016 -8.48016 0
2 -8.36132 -8.42074 0.042016
3 -8.26672 -8.3694 0.0504171
4 -8.17713 -8.32133 0.0562379
5 -8.12627 -8.28232 0.0569354
6 -8.03 -8.24027 0.0610322
7 -7.9955 -8.2053 0.0615199
8 -7.96812 -8.17565 0.0605538
9 -7.88039 -8.14284 0.0620799
10 -7.85534 -8.11409 0.0621741
11 -7.8401 -8.08919 0.0613087
12 -7.85446 -8.06962 0.0592379
13 -7.76331 -8.04606 0.0591819
14 -7.74069 -8.02425 0.0588371
15 -7.65623 -7.99972 0.0598116
16 -7.71482 -7.98191 0.058664
17 -7.62821 -7.9611 0.058787
18 -7.48776 -7.93481 0.0611203
19 -7.50222 -7.91204 0.0619992
20 -7.522 -7.89254 0.0618905
21 -7.47023 -7.87243 0.0621246
22 -7.51135 -7.85601 0.0614306
23 -7.54451 -7.84247 0.0602342
24 -7.57927 -7.8315 0.0587143
25 -7.54781 -7.82016 0.0574519
26 -7.48411 -7.80723 0.0566774
27 -7.55628 -7.79794 0.055335
28 -7.56118 -7.78948 0.054001
29 -7.5124 -7.77993 0.0529774
30 -7.51667 -7.77115 0.0519332
31 -7.56655 -7.76455 0.0506756
32 -7.60959 -7.75971 0.0493228
33 -7.62413 -7.7556 0.047999
34 -7.65872 -7.75275 0.0466717
35 -7.6077 -7.74861 0.0455219
36 -7.60961 -7.74475 0.0444208
37 -7.49718 -7.73805 0.0437213
38 -7.51228 -7.73211 0.0429725
39 -7.52814 -7.72688 0.0421877
40 -7.44807 -7.71991 0.0417049
41 -7.43163 -7.71288 0.0412761
42 -7.36676 -7.70464 0.0411078
43 -7.37252 -7.69692 0.040871
44 -7.42621 -7.69076 0.0404025
45 -7.40883 -7.6845 0.0399875
46 -7.3872 -7.67804 0.0396371
47 -7.47737 -7.67377 0.039023
48 -7.5089 -7.67033 0.0383609
49 -7.51538 -7.66717 0.0377081
50 -7.55202 -7.66487 0.0370242
51 -7.63009 -7.66418 0.0363045
52 -7.60418 -7.66303 0.0356247
53 -7.65176 -7.66282 0.0349532
54 -7.6582 -7.66273 0.034306
55 -7.65349 -7.66256 0.0336827
56 -7.60489 -7.66153 0.0330969
57 -7.62081 -7.66082 0.032524
58 -7.61589 -7.66005 0.0319725
59 -7.60311 -7.65908 0.0314451
60 -7.57 -7.6576 0.0309561
61 -7.60642 -7.65676 0.03046
62 -7.5469 -7.65498 0.0300202
63 -7.60697 -7.65422 0.0295533
64 -7.59106 -7.65324 0.029108
65 -7.63064 -7.65289 0.0286623
66 -7.61474 -7.65231 0.0282338
67 -7.60709 -7.65164 0.0278205
68 -7.60672 -7.65097 0.0274192
69 -7.60097 -7.65025 0.0270314
70 -7.53275 -7.64857 0.0266973
71 -7.4747 -7.64612 0.0264334
72 -7.48364 -7.64387 0.0261624
73 -7.58537 -7.64306 0.0258163
74 -7.57549 -7.64215 0.0254836
75 -7.58983 -7.64145 0.0251533
76 -7.56599 -7.64046 0.0248419
77 -7.59393 -7.63986 0.0245267
78 -7.5871 -7.63918 0.0242216
79 -7.55692 -7.63814 0.0239373
80 -7.52238 -7.63669 0.0236818
81 -7.51188 -7.63515 0.0234395
82 -7.56974 -7.63435 0.0231672
83 -7.54791 -7.63331 0.0229115
84 -7.59014 -7.6328 0.0226445
85 -7.58031 -7.63218 0.0223865
86 -7.65059 -7.63239 0.0221272
87 -7.61538 -7.6322 0.0218738
88 -7.66235 -7.63254 0.0216279
89 -7.55495 -7.63167 0.0214024
90 -7.59432 -7.63125 0.0211687
91 -7.60695 -7.63099 0.0209377
92 -7.57769 -7.63041 0.0207181
93 -7.56875 -7.62975 0.020506
94 -7.56841 -7.62909 0.0202982
95 -7.56219 -7.62839 0.0200968
96 -7.50761 -7.62713 0.0199268
97 -7.57541 -7.6266 0.0197285
98 -7.60274 -7.62635 0.0195286
99 -7.57299 -7.62582 0.0193388
100 -7.47062 -7.62426 0.0192076
101 -7.47874 -7.62282 0.0190714
102 -7.45389 -7.62117 0.0189562
103 -7.39276 -7.61895 0.0189014
104 -7.40369 -7.61688 0.0188326
105 -7.491 -7.61568 0.0186914
106 -7.54581 -7.61502 0.0185267
107 -7.52468 -7.61418 0.0183728
108 -7.50357 -7.61315 0.0182312
109 -7.47873 -7.61192 0.0181056
110 -7.49574 -7.61086 0.0179718
111 -7.4559 -7.60947 0.017864
112 -7.50139 -7.6085 0.0177305
113 -7.56035 -7.60808 0.0175788
114 -7.50253 -7.60715 0.0174489
115 -7.49532 -7.60618 0.0173243
116 -7.51954 -7.60543 0.017191
117 -7.47337 -7.6043 0.0170811
118 -7.48727 -7.60331 0.0169651
119 -7.56524 -7.60299 0.0168256
120 -7.5372 -7.60244 0.0166943
121 -7.55401 -7.60204 0.0165611
122 -7.5481 -7.6016 0.0164313
123 -7.62082 -7.60176 0.0162984
124 -7.60891 -7.60181 0.0161671
125 -7.49685 -7.60097 0.0160595
126 -7.58357 -7.60084 0.0159327
127 -7.55984 -7.60051 0.0158105
128 -7.54676 -7.60009 0.0156925
129 -7.50667 -7.59937 0.0155876
130 -7.44774 -7.5982 0.0155113
131 -7.37355 -7.59649 0.0154874
132 -7.39037 -7.59493 0.0154486
133 -7.45277 -7.59386 0.0153693
134 -7.50404 -7.59319 0.0152692
135 -7.35915 -7.59145 0.0152542
136 -7.44225 -7.59036 0.0151815
137 -7.52211 -7.58986 0.0150788
138 -7.62018 -7.59008 0.0149712
139 -7.61787 -7.59028 0.0148648
140 -7.59582 -7.59032 0.0147587
141 -7.61842 -7.59052 0.0146553
142 -7.64828 -7.59092 0.0145578
143 -7.59545 -7.59096 0.014456
144 -7.53799 -7.59059 0.0143603
145 -7.57218 -7.59046 0.0142618
146 -7.57084 -7.59033 0.0141648
147 -7.56179 -7.59013 0.0140697
148 -7.58364 -7.59009 0.0139747
149 -7.63158 -7.59037 0.0138837
150 -7.57442 -7.59026 0.0137916
151 -7.47114 -7.58947 0.0137228
152 -7.45393 -7.58858 0.0136614
153 -7.42828 -7.58753 0.0136123
154 -7.44166 -7.58658 0.0135568
155 -7.39656 -7.58536 0.0135247
156 -7.49043 -7.58475 0.0134516
157 -7.49102 -7.58415 0.0133792
158 -7.5514 -7.58395 0.0132961
159 -7.58218 -7.58393 0.0132125
160 -7.54931 -7.58372 0.0131317
161 -7.54944 -7.58351 0.0130519
162 -7.55118 -7.58331 0.0129728
163 -7.5361 -7.58302 0.0128965
164 -7.59058 -7.58306 0.0128179
165 -7.61474 -7.58325 0.0127417
166 -7.59547 -7.58333 0.0126651
167 -7.6095 -7.58348 0.0125903
168 -7.63308 -7.58378 0.0125188
169 -7.63213 -7.58407 0.012448
170 -7.54783 -7.58385 0.0123766
171 -7.5727 -7.58379 0.0123044
172 -7.5772 -7.58375 0.0122329
173 -7.46804 -7.58308 0.0121804
174 -7.42341 -7.58216 0.012145
175 -7.47522 -7.58155 0.0120909
176 -7.48561 -7.58101 0.0120345
177 -7.59336 -7.58108 0.0119667
178 -7.54004 -7.58085 0.0119017
179 -7.53408 -7.58058 0.0118381
180 -7.53518 -7.58033 0.011775
181 -7.5826 -7.58034 0.01171
182 -7.57252 -7.5803 0.0116457
183 -7.60711 -7.58045 0.011583
184 -7.64527 -7.5808 0.0115254
185 -7.49516 -7.58034 0.0114724
186 -7.54314 -7.58014 0.0114124
187 -7.5454 -7.57995 0.0113529
188 -7.53426 -7.57971 0.0112951
189 -7.50748 -7.57933 0.0112418
190 -7.56895 -7.57927 0.0111828
191 -7.45283 -7.57861 0.0111438
192 -7.56316 -7.57853 0.0110861
193 -7.54458 -7.57835 0.01103
194 -7.48523 -7.57787 0.0109836
195 -7.47866 -7.57736 0.0109391
196 -7.46642 -7.5768 0.0108979
197 -7.46259 -7.57622 0.010858
198 -7.40707 -7.57536 0.0108367
199 -7.45851 -7.57478 0.0107981
200 -7.48266 -7.57432 0.010754
201 -7.48375 -7.57387 0.0107099
202 -7.46993 -7.57335 0.0106692
203 -7.50134 -7.573 0.0106226
204 -7.52836 -7.57278 0.0105728
205 -7.4968 -7.57241 0.0105277
206 -7.49237 -7.57202 0.0104837
207 -7.43899 -7.57138 0.0104528
208 -7.46727 -7.57088 0.0104145
209 -7.48581 -7.57047 0.0103726
210 -7.48232 -7.57005 0.0103317
211 -7.50642 -7.56975 0.0102871
212 -7.51496 -7.56949 0.0102419
213 -7.53265 -7.56932 0.0101952
214 -7.59213 -7.56942 0.0101482
215 -7.70145 -7.57004 0.0101195
216 -7.69702 -7.57062 0.0100897
217 -7.67454 -7.5711 0.0100546
218 -7.69044 -7.57165 0.0100234
219 -7.761 -7.57252 0.0100148
220 -7.71427 -7.57316 0.00999
221 -7.70789 -7.57377 0.00996338
222 -7.64329 -7.57408 0.00992342
223 -7.63159 -7.57434 0.00988227
224 -7.53506 -7.57417 0.00983971
225 -7.42406 -7.5735 0.00981857
226 -7.5167 -7.57325 0.00977834
227 -7.44429 -7.57268 0.00975175
228 -7.36641 -7.57177 0.00975085
229 -7.40877 -7.57106 0.00973422
230 -7.43195 -7.57046 0.00971066
231 -7.46359 -7.56999 0.00967964
232 -7.48989 -7.56965 0.00964407
233 -7.50088 -7.56935 0.0096072
234 -7.56674 -7.56934 0.00956615
235 -7.5639 -7.56932 0.00952547
236 -7.56753 -7.56931 0.00948511
237 -7.59671 -7.56943 0.00944579
238 -7.61812 -7.56963 0.00940832
239 -7.5639 -7.56961 0.00936899
240 -7.5457 -7.56951 0.00933048
241 -7.56002 -7.56947 0.00929185
242 -7.56196 -7.56944 0.0092535
243 -7.56001 -7.5694 0.0092155
244 -7.59765 -7.56952 0.00917846
245 -7.64468 -7.56982 0.00914612
246 -7.61449 -7.57 0.00911075
247 -7.64502 -7.57031 0.00907892
248 -7.59808 -7.57042 0.009043
249 -7.55367 -7.57035 0.00900694
250 -7.42553 -7.56977 0.00898952
251 -7.33072 -7.56882 0.00900401
252 -7.40847 -7.56818 0.00899074
253 -7.50905 -7.56795 0.00895824
254 -7.51955 -7.56776 0.008925
255 -7.48731 -7.56744 0.00889557
256 -7.44578 -7.56697 0.00887351
257 -7.48117 -7.56664 0.00884526
258 -7.45859 -7.56622 0.00882089
259 -7.52133 -7.56604 0.00878853
260 -7.55257 -7.56599 0.00875488
261 -7.56832 -7.566 0.00872134
262 -7.5677 -7.56601 0.00868806
263 -7.58718 -7.56609 0.0086554
264 -7.6019 -7.56622 0.00862367
265 -7.552 -7.56617 0.0085913
266 -7.55778 -7.56614 0.00855906
267 -7.59286 -7.56624 0.00852759
268 -7.54181 -7.56615 0.00849625
269 -7.53737 -7.56604 0.00846534
270 -7.51362 -7.56585 0.00843622
271 -7.56282 -7.56583 0.00840509
272 -7.51665 -7.56565 0.00837614
273 -7.5521 -7.5656 0.0083456
274 -7.56557 -7.5656 0.00831514
275 -7.54766 -7.56554 0.00828516
276 -7.48566 -7.56525 0.0082602
277 -7.52178 -7.56509 0.00823187
278 -7.55583 -7.56506 0.00820233
279 -7.55646 -7.56503 0.00817298
280 -7.54066 -7.56494 0.00814426
281 -7.57867 -7.56499 0.00811542
282 -7.55196 -7.56494 0.00808678
283 -7.39458 -7.56434 0.00808058
284 -7.44546 -7.56392 0.00806296
285 -7.49926 -7.5637 0.00803786
286 -7.53105 -7.56358 0.00801056
287 -7.47782 -7.56328 0.00798822
288 -7.47018 -7.56296 0.00796703
289 -7.50225 -7.56275 0.00794223
290 -7.51734 -7.56259 0.00791638
291 -7.49984 -7.56238 0.00789212
292 -7.42796 -7.56192 0.0078785
293 -7.41691 -7.56142 0.00786714
294 -7.4157 -7.56093 0.00785598
295 -7.48158 -7.56066 0.00783396
296 -7.4524 -7.56029 0.00781602
297 -7.46304 -7.55996 0.00779656
298 -7.4697 -7.55966 0.00777628
299 -7.47107 -7.55937 0.00775591
300 -7.49399 -7.55915 0.00773312
301 -7.42619 -7.55871 0.00772004
302 -7.46163 -7.55838 0.00770116
303 -7.44742 -7.55802 0.00768445
304 -7.4827 -7.55777 0.00766316
305 -7.47611 -7.5575 0.00764271
306 -7.46896 -7.55721 0.00762321
307 -7.45651 -7.55689 0.00760544
308 -7.45808 -7.55656 0.00758751
309 -7.4665 -7.55627 0.00756855
310 -7.44603 -7.55592 0.00755248
311 -7.43329 -7.55552 0.00753848
312 -7.4506 -7.55519 0.00752182
313 -7.51035 -7.55504 0.00749915
314 -7.49264 -7.55485 0.0074779
315 -7.49027 -7.55464 0.00745697
316 -7.48658 -7.55442 0.00743648
317 -7.50964 -7.55428 0.00741437
318 -7.57941 -7.55436 0.00739147
319 -7.54093 -7.55432 0.00736842
320 -7.54698 -7.5543 0.00734543
321 -7.53492 -7.55424 0.0073228
322 -7.58329 -7.55433 0.00730061
323 -7.61717 -7.55452 0.0072806
324 -7.57884 -7.5546 0.00725852
325 -7.64066 -7.55486 0.00724101
326 -7.629 -7.55509 0.00722237
327 -7.6741 -7.55545 0.00720945
328 -7.67336 -7.55581 0.00719642
329 -7.6229 -7.55602 0.00717744
330 -7.64937 -7.5563 0.00716126
331 -7.67587 -7.55666 0.00714873
332 -7.68873 -7.55706 0.00713826
333 -7.74642 -7.55763 0.00713944
334 -7.78608 -7.55831 0.00715075
335 -7.80283 -7.55904 0.00716656
336 -7.67767 -7.55939 0.00715393
337 -7.6743 -7.55973 0.00714082
338 -7.66505 -7.56005 0.00712649
339 -7.61589 -7.56021 0.00710737
340 -7.63322 -7.56043 0.00708971
341 -7.65107 -7.56069 0.0070739
342 -7.60822 -7.56083 0.00705458
343 -7.61127 -7.56098 0.00703554
344 -7.6288 -7.56117 0.00701785
345 -7.64289 -7.56141 0.00700151
346 -7.66982 -7.56173 0.00698828
347 -7.65103 -7.56198 0.00697288
348 -7.55065 -7.56195 0.00695292
349 -7.47377 -7.5617 0.00693758
350 -7.5354 -7.56162 0.00691817
351 -7.53444 -7.56154 0.00689889
352 -7.51051 -7.5614 0.00688082
353 -7.54095 -7.56134 0.00686157
354 -7.60036 -7.56145 0.00684307
355 -7.58488 -7.56152 0.00682411
356 -7.62222 -7.56169 0.00680707
357 -7.64359 -7.56192 0.00679187
358 -7.59248 -7.562 0.00677344
359 -7.59587 -7.5621 0.00675523
360 -7.60083 -7.56221 0.00673732
361 -7.6375 -7.56241 0.00672188
362 -7.59643 -7.56251 0.00670397
363 -7.52219 -7.5624 0.00668642
364 -7.53303 -7.56232 0.00666854
365 -7.55929 -7.56231 0.00665028
366 -7.6004 -7.56241 0.00663292
367 -7.59113 -7.56249 0.00661531
368 -7.62599 -7.56266 0.00659958
369 -7.65795 -7.56292 0.00658675
370 -7.64276 -7.56314 0.00657248
371 -7.61813 -7.56328 0.00655643
372 -7.57708 -7.56332 0.00653891
373 -7.5732 -7.56335 0.00652144
374 -7.54771 -7.56331 0.00650413
375 -7.54072 -7.56325 0.00648707
376 -7.60607 -7.56336 0.00647082
377 -7.58665 -7.56342 0.00645395
378 -7.62633 -7.56359 0.00643902
379 -7.67071 -7.56387 0.00642823
380 -7.63785 -7.56407 0.00641426
381 -7.59734 -7.56415 0.00639802
382 -7.62489 -7.56431 0.00638325
383 -7.6792 -7.56461 0.00637362
384 -7.63354 -7.56479 0.00635955
385 -7.63516 -7.56497 0.00634566
386 -7.54372 -7.56492 0.00632946
387 -7.55166 -7.56489 0.0063132
388 -7.53971 -7.56482 0.00629726
389 -7.55444 -7.56479 0.00628113
390 -7.53717 -7.56472 0.00626542
391 -7.56949 -7.56473 0.00624941
392 -7.69799 -7.56507 0.0062427
393 -7.69674 -7.56541 0.0062358
394 -7.70884 -7.56577 0.00623059
395 -7.71072 -7.56614 0.00622562
396 -7.66922 -7.5664 0.00621533
397 -7.72579 -7.5668 0.00621263
398 -7.72478 -7.5672 0.00620969
399 -7.71046 -7.56756 0.0062045
400 -7.67852 -7.56784 0.00619518
401 -7.67975 -7.56811 0.00618602
402 -7.66976 -7.56837 0.00617579
403 -7.54994 -7.56832 0.00616064
404 -7.54412 -7.56826 0.00614568
405 -7.54679 -7.56821 0.00613074
406 -7.49232 -7.56802 0.00611848
407 -7.4672 -7.56777 0.00610846
408 -7.55481 -7.56774 0.00609357
409 -7.6034 -7.56783 0.0060793
410 -7.57602 -7.56785 0.0060645
411 -7.53306 -7.56777 0.00605034
412 -7.63102 -7.56792 0.0060376
413 -7.57902 -7.56795 0.00602304
414 -7.57443 -7.56796 0.00600851
415 -7.56959 -7.56797 0.00599404
416 -7.55063 -7.56792 0.00597977
417 -7.58866 -7.56797 0.00596564
418 -7.54765 -7.56792 0.00595157
419 -7.54001 -7.56786 0.00593774
420 -7.47688 -7.56764 0.00592755
421 -7.45189 -7.56737 0.00591984
422 -7.48017 -7.56716 0.00590942
423 -7.48824 -7.56697 0.00589839
424 -7.44528 -7.56669 0.00589146
425 -7.39119 -7.56627 0.00589205
426 -7.42945 -7.56595 0.00588697
427 -7.39789 -7.56556 0.00588632
428 -7.41764 -7.56521 0.00588271
429 -7.44919 -7.56494 0.00587521
430 -7.48775 -7.56476 0.00586429
431 -7.56719 -7.56477 0.00585068
432 -7.62294 -7.5649 0.00583869
433 -7.62302 -7.56504 0.00582675
434 -7.52885 -7.56495 0.00581392
435 -7.42292 -7.56463 0.00580971
436 -7.47234 -7.56442 0.00580024
437 -7.4446 -7.56414 0.00579345
438 -7.40621 -7.56378 0.00579143
439 -7.43275 -7.56348 0.00578592
440 -7.38659 -7.56308 0.00578673
441 -7.40459 -7.56272 0.00578475
442 -7.36335 -7.56227 0.00578923
443 -7.44433 -7.562 0.00578228
444 -7.4666 -7.56179 0.00577324
445 -7.52578 -7.56171 0.00576084
446 -7.3853 -7.56131 0.00576148
447 -7.47554 -7.56112 0.00575179
448 -7.44268 -7.56086 0.00574502
449 -7.49141 -7.5607 0.00573431
450 -7.45137 -7.56046 0.00572671
451 -7.41793 -7.56014 0.00572273
452 -7.4452 -7.55989 0.00571571
453 -7.4226 -7.55959 0.00571112
454 -7.45879 -7.55936 0.00570286
455 -7.50553 -7.55925 0.00569155
456 -7.51178 -7.55914 0.00568002
457 -7.53332 -7.55908 0.00566787
458 -7.53993 -7.55904 0.00565565
459 -7.49586 -7.5589 0.00564501
460 -7.52811 -7.55884 0.00563313
461 -7.58306 -7.55889 0.00562116
462 -7.59802 -7.55898 0.00560963
463 -7.5977 -7.55906 0.00559814
464 -7.5125 -7.55896 0.00558697
465 -7.44712 -7.55872 0.00558013
466 -7.45927 -7.5585 0.00557224
467 -7.46523 -7.5583 0.00556388
468 -7.55617 -7.5583 0.005552
469 -7.66003 -7.55852 0.00554439
470 -7.65653 -7.55873 0.00553652
471 -7.58214 -7.55878 0.00552499
472 -7.64531 -7.55896 0.00551632
473 -7.60989 -7.55907 0.00550571
474 -7.63835 -7.55923 0.00549663
475 -7.55918 -7.55923 0.00548506
476 -7.52485 -7.55916 0.00547401
477 -7.47399 -7.55898 0.00546545
478 -7.4278 -7.55871 0.0054609
479 -7.4319 -7.55844 0.00545592
480 -7.47714 -7.55827 0.00544718
481 -7.47011 -7.55809 0.00543894
482 -7.49254 -7.55795 0.00542935
483 -7.64754 -7.55814 0.00542128
484 -7.53831 -7.5581 0.00541023
485 -7.58255 -7.55815 0.00539931
486 -7.66117 -7.55836 0.00539236
487 -7.71574 -7.55869 0.00539096
488 -7.76196 -7.5591 0.00539598
489 -7.70009 -7.55939 0.00539265
490 -7.74692 -7.55977 0.0053952
491 -7.71552 -7.56009 0.00539353
492 -7.68845 -7.56035 0.00538888
493 -7.67705 -7.56059 0.00538314
494 -7.60112 -7.56067 0.00537287
495 -7.63384 -7.56082 0.00536405
496 -7.64781 -7.56099 0.0053561
497 -7.68357 -7.56124 0.005351
498 -7.68236 -7.56148 0.00534578
499 -7.60715 -7.56157 0.00533585
500 -7.62741 -7.56171 0.0053268
501 -7.58101 -7.56174 0.00531631
502 -7.5429 -7.56171 0.00530585
503 -7.4911 -7.56157 0.00529716
504 -7.51014 -7.56146 0.00528763
505 -7.52655 -7.5614 0.00527761
506 -7.49203 -7.56126 0.00526896
507 -7.47588 -7.56109 0.00526126
508 -7.47441 -7.56092 0.00525367
509 -7.42125 -7.56064 0.00525051
510 -7.37328 -7.56028 0.00525305
511 -7.4188 -7.56 0.00525006
512 -7.37255 -7.55963 0.00525256
513 -7.36865 -7.55926 0.0052555
514 -7.51979 -7.55919 0.00524583
515 -7.53893 -7.55915 0.00523579
516 -7.52252 -7.55907 0.00522613
517 -7.62956 -7.55921 0.0052178
518 -7.64184 -7.55937 0.00521016
519 -7.68654 -7.55962 0.00520588
520 -7.64579 -7.55978 0.00519851
521 -7.58832 -7.55984 0.00518882
522 -7.60533 -7.55992 0.00517961
523 -7.57843 -7.55996 0.00516983
524 -7.58784 -7.56001 0.00516024
525 -7.63216 -7.56015 0.00515224
526 -7.5596 -7.56015 0.00514244
527 -7.53162 -7.56009 0.00513297
528 -7.51534 -7.56001 0.00512395
529 -7.50781 -7.55991 0.00511521
530 -7.51815 -7.55983 0.00510617
531 -7.50771 -7.55973 0.00509749
532 -7.55947 -7.55973 0.00508791
533 -7.54192 -7.5597 0.00507848
534 -7.63956 -7.55985 0.00507117
535 -7.69168 -7.5601 0.00506767
536 -7.56605 -7.56011 0.00505823
537 -7.53165 -7.56005 0.00504909
538 -7.58418 -7.5601 0.0050399
539 -7.56765 -7.56011 0.00503057
540 -7.49947 -7.56 0.00502251
541 -7.50853 -7.55991 0.00501412
542 -7.43982 -7.55968 0.00500977
543 -7.45552 -7.55949 0.00500421
544 -7.43255 -7.55926 0.00500045
545 -7.49134 -7.55913 0.00499283
546 -7.52163 -7.55907 0.00498416
547 -7.5573 -7.55906 0.00497505
548 -7.63014 -7.55919 0.00496766
549 -7.61376 -7.55929 0.0049596
550 -7.59746 -7.55936 0.00495107
551 -7.55221 -7.55935 0.0049421
552 -7.56686 -7.55936 0.00493317
553 -7.47609 -7.55921 0.00492654
554 -7.51034 -7.55912 0.00491844
555 -7.54664 -7.5591 0.00490963
556 -7.58426 -7.55915 0.00490101
557 -7.59098 -7.5592 0.00489254
558 -7.58036 -7.55924 0.00488392
559 -7.51912 -7.55917 0.00487571
560 -7.58085 -7.55921 0.00486716
561 -7.56274 -7.55921 0.00485849
562 -7.52444 -7.55915 0.00485024
563 -7.489 -7.55903 0.00484322
564 -7.46299 -7.55886 0.00483763
565 -7.54226 -7.55883 0.00482915
566 -7.59045 -7.55888 0.00482095
567 -7.53859 -7.55885 0.00481258
568 -7.48008 -7.55871 0.0048061
569 -7.43492 -7.55849 0.00480258
570 -7.45097 -7.5583 0.00479785
571 -7.54145 -7.55827 0.00478954
572 -7.56013 -7.55828 0.00478117
573 -7.56584 -7.55829 0.00477284
574 -7.56634 -7.5583 0.00476455
575 -7.58664 -7.55835 0.00475652
576 -7.62948 -7.55848 0.00474986
577 -7.58404 -7.55852 0.00474184
578 -7.58689 -7.55857 0.00473389
579 -7.65743 -7.55874 0.00472879
580 -7.668 -7.55893 0.00472439
581 -7.64162 -7.55907 0.0047184
582 -7.58742 -7.55912 0.00471054
583 -7.67317 -7.55932 0.00470652
584 -7.61783 -7.55942 0.00469953
585 -7.58263 -7.55946 0.00469166
586 -7.54134 -7.55942 0.00468376
587 -7.55621 -7.55942 0.00467578
588 -7.52646 -7.55936 0.00466817
589 -7.51033 -7.55928 0.00466099
590 -7.55679 -7.55928 0.00465309
591 -7.48737 -7.55915 0.0046468
592 -7.56456 -7.55916 0.00463896
593 -7.52705 -7.55911 0.00463146
594 -7.51112 -7.55903 0.00462436
595 -7.49642 -7.55892 0.00461779
596 -7.46249 -7.55876 0.00461288
597 -7.56373 -7.55877 0.00460516
598 -7.53058 -7.55872 0.0045977
599 -7.53039 -7.55867 0.00459026
600 -7.59655 -7.55874 0.00458305
601 -7.57166 -7.55876 0.00457547
602 -7.61523 -7.55885 0.00456883
603 -7.64655 -7.559 0.00456357
604 -7.61417 -7.55909 0.00455693
605 -7.58627 -7.55914 0.00454962
606 -7.58313 -7.55917 0.00454228
607 -7.54268 -7.55915 0.00453488
608 -7.5291 -7.5591 0.00452769
609 -7.55102 -7.55908 0.00452028
610 -7.56885 -7.5591 0.00451289
611 -7.61558 -7.55919 0.00450645
612 -7.63141 -7.55931 0.00450064
613 -7.65956 -7.55947 0.00449626
614 -7.58067 -7.55951 0.00448907
615 -7.67684 -7.5597 0.00448583
616 -7.66426 -7.55987 0.00448175
617 -7.68221 -7.56007 0.00447887
618 -7.6498 -7.56021 0.00447398
619 -7.56843 -7.56023 0.00446677
620 -7.57182 -7.56025 0.00445961
621 -7.64097 -7.56038 0.00445432
622 -7.705 -7.56061 0.00445322
623 -7.64861 -7.56075 0.00444831
624 -7.63733 -7.56087 0.00444288
625 -7.71498 -7.56112 0.00444261
626 -7.67654 -7.5613 0.00443933
627 -7.65541 -7.56145 0.00443479
628 -7.65665 -7.5616 0.00443032
629 -7.58883 -7.56165 0.00442349
630 -7.54187 -7.56162 0.00441658
631 -7.52967 -7.56157 0.00440987
632 -7.49816 -7.56147 0.00440403
633 -7.53512 -7.56142 0.00439727
634 -7.46366 -7.56127 0.00439304
635 -7.43217 -7.56107 0.00439082
636 -7.42805 -7.56086 0.0043889
637 -7.35773 -7.56054 0.00439357
638 -7.3763 -7.56025 0.00439617
639 -7.43225 -7.56005 0.00439385
640 -7.38341 -7.55977 0.00439564
641 -7.44635 -7.5596 0.00439235
642 -7.48124 -7.55947 0.0043872
643 -7.55228 -7.55946 0.00438039
644 -7.53579 -7.55943 0.00437374
645 -7.63912 -7.55955 0.00436871
646 -7.56821 -7.55956 0.00436196
647 -7.70159 -7.55978 0.00436074
648 -7.70299 -7.56 0.00435961
649 -7.68259 -7.56019 0.00435698
650 -7.58532 -7.56023 0.00435045
651 -7.59329 -7.56028 0.00434406
652 -7.60373 -7.56035 0.00433791
653 -7.60859 -7.56042 0.0043319
654 -7.59222 -7.56047 0.00432555
655 -7.61604 -7.56056 0.00431978
656 -7.57664 -7.56058 0.00431326
657 -7.50935 -7.5605 0.0043074
658 -7.40605 -7.56027 0.00430724
659 -7.40972 -7.56004 0.00430676
660 -7.45735 -7.55988 0.00430305
661 -7.4409 -7.5597 0.0043003
662 -7.47271 -7.55957 0.00429581
663 -7.50702 -7.55949 0.00429006
664 -7.53605 -7.55946 0.00428375
665 -7.53997 -7.55943 0.00427741
666 -7.58022 -7.55946 0.0042711
667 -7.50959 -7.55938 0.00426535
668 -7.3887 -7.55913 0.00426661
669 -7.45021 -7.55897 0.00426334
670 -7.5774 -7.55899 0.00425706
671 -7.66089 -7.55915 0.00425343
672 -7.63817 -7.55926 0.00424872
673 -7.66557 -7.55942 0.00424534
674 -7.69492 -7.55962 0.0042438
675 -7.7053 -7.55984 0.004243
676 -7.70471 -7.56005 0.00424213
677 -7.67575 -7.56022 0.00423931
678 -7.683 -7.5604 0.00423692
679 -7.70248 -7.56061 0.00423585
680 -7.65596 -7.56075 0.00423194
681 -7.68397 -7.56093 0.00422959
682 -7.63489 -7.56104 0.00422478
683 -7.65527 -7.56118 0.00422084
684 -7.77403 -7.56149 0.00422613
685 -7.75267 -7.56177 0.00422916
686 -7.74983 -7.56205 0.00423187
687 -7.74514 -7.56231 0.0042341
688 -7.73515 -7.56256 0.00423539
689 -7.75286 -7.56284 0.00423824
690 -7.62201 -7.56293 0.00423296
691 -7.61784 -7.563 0.00422758
692 -7.61465 -7.56308 0.00422213
693 -7.69066 -7.56326 0.00422005
694 -7.62098 -7.56335 0.00421479
695 -7.6464 -7.56347 0.00421042
696 -7.63933 -7.56358 0.00420578
697 -7.65271 -7.5637 0.00420169
698 -7.60045 -7.56376 0.004196
699 -7.57265 -7.56377 0.00419002
700 -7.56298 -7.56377 0.00418403
701 -7.59053 -7.56381 0.00417824
702 -7.60407 -7.56386 0.00417268
703 -7.55984 -7.56386 0.00416675
704 -7.51183 -7.56378 0.00416148
705 -7.55454 -7.56377 0.0041556
706 -7.59972 -7.56382 0.00415003
707 -7.62169 -7.5639 0.00414496
708 -7.6517 -7.56403 0.00414096
709 -7.63906 -7.56413 0.00413648
710 -7.67142 -7.56428 0.00413341
711 -7.64117 -7.56439 0.00412901
712 -7.65564 -7.56452 0.0041252
713 -7.64282 -7.56463 0.00412088
714 -7.54888 -7.56461 0.00411516
715 -7.58567 -7.56464 0.00410951
716 -7.61433 -7.56471 0.00410436
717 -7.59795 -7.56475 0.0040989
718 -7.59157 -7.56479 0.00409336
719 -7.5948 -7.56483 0.00408788
720 -7.50291 -7.56475 0.0040831
721 -7.43977 -7.56457 0.00408112
722 -7.46877 -7.56444 0.00407762
723 -7.53851 -7.5644 0.00407214
724 -7.56703 -7.56441 0.00406652
725 -7.57399 -7.56442 0.00406093
726 -7.58492 -7.56445 0.00405544
727 -7.59515 -7.56449 0.00405008
728 -7.54087 -7.56446 0.00404464
729 -7.65763 -7.56459 0.00404111
730 -7.60862 -7.56465 0.00403603
731 -7.56942 -7.56465 0.00403051
732 -7.51151 -7.56458 0.00402566
733 -7.48473 -7.56447 0.00402164
734 -7.46986 -7.56434 0.00401823
735 -7.47413 -7.56422 0.00401464
736 -7.49007 -7.56412 0.00401044
737 -7.5061 -7.56404 0.00400578
738 -7.43647 -7.56387 0.00400408
739 -7.42497 -7.56368 0.00400307
740 -7.42763 -7.5635 0.00400188
741 -7.57798 -7.56352 0.00399652
742 -7.48081 -7.5634 0.00399269
743 -7.52638 -7.56335 0.00398763
744 -7.54374 -7.56333 0.00398236
745 -7.51706 -7.56327 0.0039775
746 -7.63287 -7.56336 0.00397326
747 -7.62248 -7.56344 0.00396873
748 -7.62492 -7.56352 0.00396427
749 -7.62879 -7.56361 0.00395994
750 -7.69659 -7.56379 0.00395862
751 -7.68285 -7.56394 0.00395653
752 -7.69304 -7.56412 0.00395499
753 -7.61311 -7.56418 0.00395027
754 -7.58617 -7.56421 0.00394514
755 -7.59053 -7.56424 0.00394007
756 -7.62762 -7.56433 0.00393575
757 -7.60874 -7.56439 0.00393099
758 -7.59563 -7.56443 0.00392602
759 -7.60797 -7.56449 0.00392126
760 -7.60309 -7.56454 0.00391643
761 -7.61063 -7.5646 0.00391175
762 -7.68094 -7.56475 0.0039096
763 -7.69079 -7.56492 0.00390796
764 -7.59923 -7.56496 0.00390311
765 -7.51473 -7.56489 0.00389856
766 -7.58713 -7.56492 0.00389358
767 -7.65469 -7.56504 0.00389026
768 -7.64124 -7.56514 0.00388646
769 -7.66216 -7.56527 0.00388345
770 -7.59003 -7.5653 0.00387854
771 -7.5891 -7.56533 0.00387363
772 -7.59748 -7.56537 0.00386884
773 -7.58541 -7.5654 0.00386392
774 -7.67684 -7.56554 0.00386161
775 -7.69406 -7.56571 0.00386019
776 -7.71734 -7.5659 0.00386015
777 -7.71684 -7.5661 0.00386007
778 -7.68899 -7.56625 0.00385834
779 -7.68745 -7.56641 0.00385652
780 -7.67781 -7.56655 0.00385422
781 -7.71756 -7.56675 0.00385413
782 -7.68581 -7.5669 0.00385221
783 -7.73368 -7.56711 0.00385318
784 -7.71382 -7.5673 0.0038528
785 -7.67369 -7.56743 0.00385028
786 -7.64569 -7.56753 0.00384667
787 -7.52498 -7.56748 0.00384216
788 -7.50082 -7.56739 0.00383821
789 -7.50469 -7.56731 0.00383417
790 -7.48284 -7.56721 0.00383081
791 -7.37749 -7.56697 0.00383347
792 -7.35466 -7.5667 0.00383799
793 -7.32713 -7.5664 0.00384502
794 -7.38688 -7.56617 0.00384682
795 -7.46966 -7.56605 0.0038439
796 -7.44913 -7.5659 0.00384187
797 -7.47574 -7.56579 0.00383872
798 -7.48564 -7.56569 0.00383522
799 -7.48705 -7.56559 0.00383168
800 -7.53471 -7.56555 0.00382709
801 -7.46012 -7.56542 0.00382457
802 -7.49054 -7.56533 0.00382094
803 -7.55884 -7.56532 0.00381619
804 -7.55189 -7.5653 0.00381148
805 -7.55749 -7.56529 0.00380676
806 -7.58584 -7.56532 0.00380212
807 -7.55332 -7.5653 0.00379744
808 -7.49048 -7.56521 0.00379387
809 -7.50694 -7.56514 0.00378986
810 -7.53633 -7.5651 0.00378535
811 -7.56542 -7.5651 0.00378068
812 -7.50556 -7.56503 0.00377674
813 -7.55373 -7.56502 0.00377212
814 -7.66103 -7.56514 0.00376933
815 -7.59125 -7.56517 0.00376484
816 -7.5968 -7.56521 0.00376043
817 -7.54737 -7.56518 0.00375589
818 -7.56022 -7.56518 0.0037513
819 -7.55628 -7.56517 0.00374674
820 -7.55042 -7.56515 0.00374221
821 -7.53303 -7.56511 0.00373786
822 -7.48712 -7.56502 0.00373451
823 -7.55429 -7.565 0.00373
824 -7.51324 -7.56494 0.003726
825 -7.48229 -7.56484 0.00372283
826 -7.49361 -7.56475 0.00371932
827 -7.46921 -7.56464 0.00371662
828 -7.40499 -7.56444 0.00371713
829 -7.43727 -7.56429 0.00371581
830 -7.44015 -7.56414 0.00371434
831 -7.49472 -7.56406 0.00371081
832 -7.54594 -7.56404 0.00370641
833 -7.5591 -7.56403 0.00370197
834 -7.51082 -7.56397 0.00369808
835 -7.4937 -7.56388 0.00369461
836 -7.52639 -7.56384 0.00369046
837 -7.53723 -7.56381 0.00368619
838 -7.54511 -7.56378 0.00368186
839 -7.58852 -7.56381 0.00367759
840 -7.56629 -7.56382 0.00367321
841 -7.52091 -7.56376 0.0036692
842 -7.45758 -7.56364 0.00366701
843 -7.53619 -7.56361 0.0036628
844 -7.52426 -7.56356 0.00365876
845 -7.60803 -7.56361 0.00365481
846 -7.48328 -7.56352 0.00365172
847 -7.42222 -7.56335 0.00365122
848 -7.36664 -7.56312 0.00365427
849 -7.41096 -7.56294 0.00365436
850 -7.46129 -7.56282 0.00365202
851 -7.47295 -7.56271 0.00364925
852 -7.53523 -7.56268 0.00364511
853 -7.5386 -7.56265 0.00364095
854 -7.52312 -7.56261 0.00363698
855 -7.5559 -7.5626 0.00363273
856 -7.59054 -7.56263 0.00362864
857 -7.55298 -7.56262 0.00362442
858 -7.57893 -7.56264 0.00362025
859 -7.59092 -7.56267 0.00361618
860 -7.59539 -7.56271 0.00361218
861 -7.58668 -7.56274 0.00360809
862 -7.5336 -7.5627 0.00360406
863 -7.54491 -7.56268 0.00359994
864 -7.62446 -7.56276 0.00359649
865 -7.65414 -7.56286 0.00359388
866 -7.63883 -7.56295 0.0035908
867 -7.64181 -7.56304 0.00358781
868 -7.66729 -7.56316 0.00358569
869 -7.69629 -7.56331 0.00358483
870 -7.75974 -7.56354 0.00358781
871 -7.69509 -7.56369 0.00358687
872 -7.66803 -7.56381 0.00358475
873 -7.6885 -7.56395 0.00358349
874 -7.71128 -7.56412 0.00358336
875 -7.68722 -7.56426 0.00358202
876 -7.59061 -7.56429 0.00357806
877 -7.56831 -7.5643 0.00357398
878 -7.56832 -7.5643 0.00356991
879 -7.56828 -7.56431 0.00356585
880 -7.58312 -7.56433 0.00356187
881 -7.54164 -7.5643 0.00355792
882 -7.55011 -7.56429 0.00355392
883 -7.48092 -7.56419 0.00355115
884 -7.61165 -7.56424 0.00354754
885 -7.61292 -7.5643 0.00354395
886 -7.54519 -7.56428 0.00354002
887 -7.5621 -7.56428 0.00353603
888 -7.59472 -7.56431 0.00353221
889 -7.52087 -7.56426 0.00352858
890 -7.49283 -7.56418 0.00352553
891 -7.42062 -7.56402 0.00352525
892 -7.3404 -7.56377 0.0035302
893 -7.30818 -7.56348 0.00353783
894 -7.41137 -7.56331 0.00353796
895 -7.4199 -7.56315 0.00353764
896 -7.55328 -7.56314 0.00353371
897 -7.56737 -7.56315 0.00352977
898 -7.47911 -7.56305 0.00352708
899 -7.59781 -7.56309 0.00352337
900 -7.72138 -7.56327 0.00352384
901 -7.69422 -7.56341 0.00352292
902 -7.68028 -7.56354 0.0035214
903 -7.66124 -7.56365 0.00351916
904 -7.59728 -7.56369 0.00351547
905 -7.60121 -7.56373 0.00351183
906 -7.60609 -7.56378 0.00350826
907 -7.66178 -7.56388 0.00350606
908 -7.6478 -7.56398 0.00350341
909 -7.68984 -7.56411 0.0035023
910 -7.67058 -7.56423 0.0035004
911 -7.66265 -7.56434 0.00349822
912 -7.68428 -7.56447 0.00349686
913 -7.60848 -7.56452 0.00349336
914 -7.58332 -7.56454 0.0034896
915 -7.57007 -7.56455 0.00348579
916 -7.62517 -7.56461 0.00348261
917 -7.61236 -7.56466 0.00347921
918 -7.72019 -7.56483 0.00347954
919 -7.67306 -7.56495 0.00347775
920 -7.69569 -7.56509 0.00347687
921 -7.65783 -7.56519 0.00347455
922 -7.64701 -7.56528 0.00347191
923 -7.5798 -7.5653 0.00346819
924 -7.58372 -7.56532 0.00346449
925 -7.55485 -7.56531 0.00346077
926 -7.51736 -7.56526 0.00345741
927 -7.55596 -7.56525 0.0034537
928 -7.56857 -7.56525 0.00344998
929 -7.53842 -7.56522 0.00344639
930 -7.51358 -7.56516 0.00344313
931 -7.50926 -7.5651 0.00343995
932 -7.46323 -7.56499 0.003438
933 -7.48272 -7.56491 0.00343545
934 -7.46179 -7.5648 0.00343354
935 -7.50969 -7.56474 0.00343037
936 -7.5039 -7.56467 0.00342733
937 -7.52673 -7.56463 0.00342391
938 -7.54248 -7.56461 0.00342034
939 -7.54082 -7.56458 0.00341679
940 -7.59433 -7.56461 0.0034133
941 -7.54458 -7.56459 0.00340974
942 -7.51975 -7.56455 0.00340645
943 -7.56063 -7.56454 0.00340284
944 -7.5502 -7.56453 0.00339927
945 -7.55579 -7.56452 0.00339569
946 -7.4951 -7.56444 0.00339289
947 -7.4783 -7.56435 0.00339053
948 -7.49232 -7.56428 0.0033878
949 -7.46123 -7.56417 0.00338597
950 -7.44542 -7.56404 0.00338471
951 -7.44881 -7.56392 0.00338332
952 -7.44688 -7.5638 0.003382
953 -7.50614 -7.56374 0.00337899
954 -7.47891 -7.56365 0.00337662
955 -7.5102 -7.56359 0.00337355
956 -7.54459 -7.56357 0.00337008
957 -7.51643 -7.56352 0.00336692
958 -7.55882 -7.56352 0.00336341
959 -7.51704 -7.56347 0.00336025
960 -7.49029 -7.56339 0.00335761
961 -7.46732 -7.56329 0.00335561
962 -7.53103 -7.56326 0.00335229
963 -7.50948 -7.56321 0.00334927
964 -7.46316 -7.5631 0.0033474
965 -7.44094 -7.56298 0.00334633
966 -7.41652 -7.56282 0.0033463
967 -7.43448 -7.56269 0.00334547
968 -7.43445 -7.56256 0.00334463
969 -7.47431 -7.56247 0.00334242
970 -7.5056 -7.56241 0.00333949
971 -7.4963 -7.56234 0.00333674
972 -7.51144 -7.56229 0.00333372
973 -7.47699 -7.5622 0.00333145
974 -7.51747 -7.56215 0.00332835
975 -7.52073 -7.56211 0.0033252
976 -7.44016 -7.56199 0.00332414
977 -7.40763 -7.56183 0.00332449
978 -7.2911 -7.56155 0.0033326
979 -7.44045 -7.56143 0.00333149
980 -7.50567 -7.56137 0.00332857
981 -7.45103 -7.56126 0.00332708
982 -7.44772 -7.56114 0.0033257
983 -7.48108 -7.56106 0.00332332
984 -7.50988 -7.56101 0.00332035
985 -7.47571 -7.56092 0.0033181
986 -7.50751 -7.56087 0.00331518
987 -7.47747 -7.56078 0.0033129
988 -7.48557 -7.56071 0.00331042
989 -7.51686 -7.56066 0.00330737
990 -7.56451 -7.56067 0.00330403
991 -7.55216 -7.56066 0.00330071
992 -7.58655 -7.56069 0.00329748
993 -7.53789 -7.56066 0.00329424
994 -7.49365 -7.5606 0.00329162
995 -7.58149 -7.56062 0.00328838
996 -7.5493 -7.56061 0.0032851
997 -7.56796 -7.56061 0.00328181
998 -7.56875 -7.56062 0.00327853
999 -7.53496 -7.5606 0.00327535
1000 -7.50536 -7.56054 0.00327254
1001 -7.46853 -7.56045 0.00327056
1002 -7.49577 -7.56038 0.00326793
1003 -7.4905 -7.56031 0.00326542
1004 -7.50546 -7.56026 0.00326262
1005 -7.50672 -7.56021 0.00325981
1006 -7.48277 -7.56013 0.00325748
1007 -7.50757 -7.56008 0.00325466
1008 -7.53916 -7.56006 0.0032515
1009 -7.53357 -7.56003 0.00324838
1010 -7.52971 -7.56 0.00324531
1011 -7.58946 -7.56003 0.00324223
1012 -7.69064 -7.56016 0.00324159
1013 -7.61968 -7.56022 0.00323892
1014 -7.64044 -7.5603 0.0032367
1015 -7.62738 -7.56036 0.00323418
1016 -7.61951 -7.56042 0.00323152
1017 -7.61781 -7.56048 0.00322884
1018 -7.64918 -7.56056 0.00322684
1019 -7.56299 -7.56057 0.00322368
1020 -7.51513 -7.56052 0.00322082
1021 -7.50223 -7.56046 0.00321817
1022 -7.55968 -7.56046 0.00321503
1023 -7.48759 -7.56039 0.00321267
1024 -7.44669 -7.56028 0.00321145
1025 -7.42474 -7.56015 0.00321104
1026 -7.39487 -7.55999 0.00321195
1027 -7.37894 -7.55981 0.00321366
1028 -7.4281 -7.55968 0.00321308
1029 -7.40764 -7.55954 0.00321336
1030 -7.49343 -7.55947 0.00321088
1031 -7.57609 -7.55949 0.0032078
1032 -7.57096 -7.5595 0.00320471
1033 -7.58874 -7.55953 0.00320174
1034 -7.6262 -7.55959 0.00319929
1035 -7.63395 -7.55966 0.003197
1036 -7.6624 -7.55976 0.00319546
1037 -7.63814 -7.55984 0.00319327
1038 -7.53142 -7.55981 0.00319031
1039 -7.58455 -7.55983 0.00318733
1040 -7.72043 -7.55999 0.003188
1041 -7.71539 -7.56014 0.00318843
1042 -7.64418 -7.56022 0.00318639
1043 -7.64651 -7.5603 0.00318441
1044 -7.54759 -7.56029 0.00318138
1045 -7.50584 -7.56024 0.00317877
1046 -7.54167 -7.56022 0.00317578
1047 -7.53424 -7.56019 0.00317284
1048 -7.53864 -7.56017 0.00316988
1049 -7.51769 -7.56013 0.00316712
1050 -7.54734 -7.56012 0.00316412
1051 -7.55157 -7.56011 0.00316112
1052 -7.56846 -7.56012 0.00315813
1053 -7.5951 -7.56015 0.0031553
1054 -7.55154 -7.56015 0.00315232
1055 -7.53527 -7.56012 0.00314942
1056 -7.5725 -7.56013 0.00314646
1057 -7.56384 -7.56014 0.00314349
1058 -7.58035 -7.56016 0.00314057
1059 -7.52452 -7.56012 0.00313779
1060 -7.52953 -7.56009 0.00313496
1061 -7.43255 -7.55997 0.00313431
1062 -7.46709 -7.55989 0.00313258
1063 -7.47738 -7.55981 0.00313059
1064 -7.51733 -7.55977 0.00312791
1065 -7.53249 -7.55974 0.00312507
1066 -7.54726 -7.55973 0.00312216
1067 -7.60292 -7.55977 0.0031195
1068 -7.56867 -7.55978 0.00311659
1069 -7.50826 -7.55973 0.00311405
1070 -7.48144 -7.55966 0.003112
1071 -7.52643 -7.55963 0.00310925
1072 -7.61572 -7.55968 0.00310679
1073 -7.67121 -7.55978 0.00310563
1074 -7.68943 -7.55991 0.00310508
1075 -7.67066 -7.56001 0.0031039
1076 -7.5701 -7.56002 0.00310103
1077 -7.58323 -7.56004 0.00309823
1078 -7.59666 -7.56007 0.00309554
1079 -7.64921 -7.56016 0.00309377
1080 -7.61586 -7.56021 0.00309134
1081 -7.58143 -7.56023 0.00308854
1082 -7.57094 -7.56024 0.0030857
1083 -7.55202 -7.56023 0.00308286
1084 -7.54323 -7.56021 0.00308006
1085 -7.61319 -7.56026 0.00307761
1086 -7.57844 -7.56028 0.00307482
1087 -7.51786 -7.56024 0.00307224
1088 -7.49842 -7.56018 0.00306994
1089 -7.53992 -7.56017 0.00306718
1090 -7.61823 -7.56022 0.00306482
1091 -7.56206 -7.56022 0.00306202
1092 -7.4527 -7.56012 0.00306079
1093 -7.56179 -7.56012 0.00305799
1094 -7.59277 -7.56015 0.00305534
1095 -7.55254 -7.56015 0.00305256
1096 -7.55552 -7.56014 0.00304978
1097 -7.45795 -7.56005 0.00304842
1098 -7.42701 -7.55993 0.00304805
1099 -7.40084 -7.55978 0.00304871
1100 -7.48166 -7.55971 0.00304677
1101 -7.56541 -7.55972 0.00304401
1102 -7.63228 -7.55978 0.00304196
1103 -7.52054 -7.55975 0.00303941
1104 -7.55735 -7.55974 0.00303665
1105 -7.54696 -7.55973 0.00303393
1106 -7.61444 -7.55978 0.00303159
1107 -7.64257 -7.55986 0.00302977
1108 -7.62131 -7.55991 0.00302755
1109 -7.5056 -7.55986 0.00302521
1110 -7.48962 -7.5598 0.00302315
1111 -7.4801 -7.55973 0.00302128
1112 -7.50576 -7.55968 0.00301895
1113 -7.53213 -7.55966 0.00301634
1114 -7.5628 -7.55966 0.00301363
1115 -7.5407 -7.55964 0.00301098
1116 -7.54123 -7.55963 0.00300833
1117 -7.56405 -7.55963 0.00300564
1118 -7.53137 -7.5596 0.00300305
1119 -7.52559 -7.55957 0.00300052
1120 -7.51151 -7.55953 0.00299815
1121 -7.52448 -7.5595 0.00299564
1122 -7.45027 -7.5594 0.00299455
1123 -7.55239 -7.5594 0.00299189
1124 -7.65606 -7.55948 0.00299046
1125 -7.56741 -7.55949 0.00298781
1126 -7.51661 -7.55945 0.0029854
1127 -7.61517 -7.5595 0.00298316
1128 -7.68403 -7.55961 0.00298256
1129 -7.65361 -7.55969 0.00298108
1130 -7.62221 -7.55975 0.00297896
1131 -7.64567 -7.55982 0.00297729
1132 -7.60814 -7.55987 0.00297497
1133 -7.62392 -7.55992 0.00297288
1134 -7.58409 -7.55995 0.00297033
1135 -7.57755 -7.55996 0.00296776
1136 -7.5473 -7.55995 0.00296517
1137 -7.60967 -7.55999 0.00296288
1138 -7.63063 -7.56006 0.00296093
1139 -7.62112 -7.56011 0.00295881
1140 -7.62192 -7.56016 0.00295671
1141 -7.58257 -7.56018 0.00295419
1142 -7.56901 -7.56019 0.00295161
1143 -7.54866 -7.56018 0.00294905
1144 -7.50755 -7.56013 0.00294683
1145 -7.42576 -7.56002 0.00294659
1146 -7.51321 -7.55998 0.0029443
1147 -7.50352 -7.55993 0.00294215
1148 -7.45149 -7.55983 0.0029411
1149 -7.4652 -7.55975 0.00293969
1150 -7.56096 -7.55975 0.00293714
1151 -7.61527 -7.5598 0.00293498
1152 -7.63869 -7.55987 0.00293323
1153 -7.6008 -7.5599 0.0029309
1154 -7.55882 -7.5599 0.00292836
1155 -7.56549 -7.55991 0.00292583
1156 -7.53867 -7.55989 0.00292336
1157 -7.51489 -7.55985 0.00292109
1158 -7.53377 -7.55983 0.00291865
1159 -7.57942 -7.55984 0.00291618
1160 -7.55726 -7.55984 0.00291367
1161 -7.52149 -7.55981 0.00291135
1162 -7.47754 -7.55974 0.0029097
1163 -7.5192 -7.5597 0.00290741
1164 -7.53007 -7.55968 0.00290502
1165 -7.63124 -7.55974 0.00290318
1166 -7.52727 -7.55971 0.00290082
1167 -7.52437 -7.55968 0.0028985
1168 -7.53516 -7.55966 0.00289609
1169 -7.46111 -7.55958 0.00289484
1170 -7.52319 -7.55955 0.00289253
1171 -7.55775 -7.55954 0.00289006
1172 -7.56171 -7.55955 0.0028876
1173 -7.53297 -7.55952 0.00288523
1174 -7.54694 -7.55951 0.00288279
1175 -7.49348 -7.55946 0.00288088
1176 -7.59775 -7.55949 0.00287862
1177 -7.58125 -7.55951 0.00287623
1178 -7.57785 -7.55952 0.00287383
1179 -7.61004 -7.55957 0.00287171
1180 -7.62187 -7.55962 0.00286976
1181 -7.59902 -7.55965 0.00286753
1182 -7.62771 -7.55971 0.00286568
1183 -7.59052 -7.55974 0.00286338
1184 -7.62331 -7.55979 0.00286146
1185 -7.609 -7.55983 0.00285935
1186 -7.59211 -7.55986 0.00285707
1187 -7.5173 -7.55982 0.00285488
1188 -7.489 -7.55976 0.0028531
1189 -7.51224 -7.55972 0.00285098
1190 -7.54437 -7.55971 0.00284862
1191 -7.5932 -7.55974 0.00284636
1192 -7.60533 -7.55978 0.00284423
1193 -7.60093 -7.55981 0.00284206
1194 -7.62584 -7.55987 0.00284022
1195 -7.49574 -7.55981 0.00283835
1196 -7.47912 -7.55974 0.00283677
1197 -7.43826 -7.55964 0.00283622
1198 -7.47222 -7.55957 0.00283479
1199 -7.48363 -7.55951 0.00283313
1200 -7.53023 -7.55948 0.00283088
1201 -7.60259 -7.55952 0.00282875
1202 -7.65047 -7.55959 0.00282741
1203 -7.57 -7.5596 0.00282507
1204 -7.56844 -7.55961 0.00282273
1205 -7.59024 -7.55964 0.00282051
1206 -7.58015 -7.55965 0.00281822
1207 -7.50338 -7.55961 0.00281627
1208 -7.55302 -7.5596 0.00281394
1209 -7.59591 -7.55963 0.00281178
1210 -7.6391 -7.5597 0.00281022
1211 -7.64285 -7.55976 0.00280874
1212 -7.58137 -7.55978 0.00280648
1213 -7.61413 -7.55983 0.00280452
1214 -7.628 -7.55988 0.00280277
1215 -7.62698 -7.55994 0.00280101
1216 -7.69803 -7.56005 0.00280101
1217 -7.59846 -7.56008 0.00279888
1218 -7.58525 -7.5601 0.00279666
1219 -7.47273 -7.56003 0.00279529
1220 -7.48862 -7.55997 0.00279361
1221 -7.49782 -7.55992 0.00279178
1222 -7.60097 -7.55996 0.0027897
1223 -7.61012 -7.56 0.00278772
1224 -7.59686 -7.56003 0.00278561
1225 -7.53423 -7.56001 0.00278341
1226 -7.4722 -7.55994 0.00278206
1227 -7.55354 -7.55993 0.0027798
1228 -7.59678 -7.55996 0.0027777
1229 -7.63693 -7.56002 0.00277614
1230 -7.61211 -7.56007 0.00277421
1231 -7.57876 -7.56008 0.002772
1232 -7.65539 -7.56016 0.00277083
1233 -7.60667 -7.5602 0.00276884
1234 -7.66815 -7.56028 0.00276797
1235 -7.63255 -7.56034 0.00276635
1236 -7.58934 -7.56036 0.00276421
1237 -7.54752 -7.56035 0.002762
1238 -7.57387 -7.56037 0.00275979
1239 -7.52972 -7.56034 0.00275767
1240 -7.54927 -7.56033 0.00275546
1241 -7.5593 -7.56033 0.00275324
1242 -7.50998 -7.56029 0.00275132
1243 -7.51403 -7.56025 0.00274936
1244 -7.54184 -7.56024 0.00274719
1245 -7.59633 -7.56027 0.00274514
1246 -7.59174 -7.56029 0.00274305
1247 -7.61258 -7.56033 0.00274117
1248 -7.57805 -7.56035 0.00273901
1249 -7.57961 -7.56036 0.00273686
1250 -7.58393 -7.56038 0.00273474
1251 -7.50612 -7.56034 0.0027329
1252 -7.57096 -7.56035 0.00273073
1253 -7.47841 -7.56028 0.00272933
1254 -7.48213 -7.56022 0.00272786
1255 -7.51852 -7.56019 0.00272589
1256 -7.51884 -7.56015 0.00272392
1257 -7.53472 -7.56013 0.00272183
1258 -7.52648 -7.56011 0.0027198
1259 -7.47297 -7.56004 0.00271852
1260 -7.54235 -7.56002 0.0027164
1261 -7.4993 -7.55998 0.00271467
1262 -7.51767 -7.55994 0.00271273
1263 -7.51983 -7.55991 0.00271076
1264 -7.54184 -7.5599 0.00270866
1265 -7.55696 -7.55989 0.00270652
1266 -7.54159 -7.55988 0.00270442
1267 -7.61527 -7.55992 0.00270264
1268 -7.61709 -7.55997 0.00270088
1269 -7.62135 -7.56002 0.00269919
1270 -7.59088 -7.56004 0.00269717
1271 -7.62728 -7.56009 0.00269557
1272 -7.59143 -7.56012 0.00269356
1273 -7.62506 -7.56017 0.00269193
1274 -7.59136 -7.56019 0.00268992
1275 -7.52166 -7.56016 0.00268799
1276 -7.51125 -7.56013 0.00268615
1277 -7.61418 -7.56017 0.00268438
1278 -7.61187 -7.56021 0.00268259
1279 -7.54499 -7.5602 0.00268052
1280 -7.57764 -7.56021 0.00267846
1281 -7.56604 -7.56021 0.00267637
1282 -7.63112 -7.56027 0.00267485
1283 -7.55402 -7.56026 0.00267277
1284 -7.63859 -7.56033 0.00267139
1285 -7.64286 -7.56039 0.00267008
1286 -7.65503 -7.56046 0.00266902
1287 -7.6389 -7.56052 0.00266764
1288 -7.61682 -7.56057 0.00266593
1289 -7.54218 -7.56055 0.0026639
1290 -7.56211 -7.56056 0.00266183
1291 -7.54086 -7.56054 0.00265981
1292 -7.52439 -7.56051 0.0026579
1293 -7.47325 -7.56044 0.0026567
1294 -7.4995 -7.5604 0.00265507
1295 -7.45721 -7.56032 0.00265421
1296 -7.52385 -7.56029 0.00265231
1297 -7.62827 -7.56034 0.00265079
1298 -7.62716 -7.56039 0.00264924
1299 -7.57419 -7.5604 0.00264723
1300 -7.62459 -7.56045 0.00264565
1301 -7.6915 -7.56055 0.00264553
1302 -7.6227 -7.5606 0.00264393
1303 -7.61937 -7.56065 0.00264229
1304 -7.48995 -7.56059 0.00264082
1305 -7.52326 -7.56056 0.00263895
1306 -7.56024 -7.56056 0.00263693
1307 -7.46306 -7.56049 0.00263597
1308 -7.54649 -7.56048 0.00263397
1309 -7.59405 -7.5605 0.00263208
1310 -7.56691 -7.56051 0.00263008
1311 -7.5598 -7.56051 0.00262807
1312 -7.57492 -7.56052 0.00262609
1313 -7.57341 -7.56053 0.00262411
1314 -7.60911 -7.56057 0.00262238
1315 -7.60722 -7.5606 0.00262062
1316 -7.61065 -7.56064 0.00261891
1317 -7.56432 -7.56064 0.00261692
1318 -7.56858 -7.56065 0.00261494
1319 -7.6002 -7.56068 0.00261313
1320 -7.55086 -7.56067 0.00261116
1321 -7.61744 -7.56071 0.00260954
1322 -7.64479 -7.56078 0.00260834
1323 -7.56479 -7.56078 0.00260637
1324 -7.57032 -7.56079 0.00260441
1325 -7.5188 -7.56076 0.00260264
1326 -7.50868 -7.56072 0.00260097
1327 -7.44493 -7.56063 0.00260047
1328 -7.44585 -7.56054 0.00259995
1329 -7.41425 -7.56043 0.00260032
1330 -7.48345 -7.56038 0.00259901
1331 -7.48866 -7.56032 0.00259762
1332 -7.50522 -7.56028 0.002596
1333 -7.5017 -7.56024 0.00259442
1334 -7.56428 -7.56024 0.00259248
1335 -7.58659 -7.56026 0.00259061
1336 -7.51663 -7.56023 0.00258888
1337 -7.51665 -7.56019 0.00258715
1338 -7.48749 -7.56014 0.00258579
1339 -7.52659 -7.56011 0.00258398
1340 -7.57501 -7.56013 0.00258207
1341 -7.56038 -7.56013 0.00258015
1342 -7.58659 -7.56015 0.0025783
1343 -7.65203 -7.56021 0.00257729
1344 -7.5759 -7.56023 0.0025754
1345 -7.60718 -7.56026 0.00257372
1346 -7.60253 -7.56029 0.002572
1347 -7.55538 -7.56029 0.00257009
1348 -7.54808 -7.56028 0.0025682
1349 -7.57652 -7.56029 0.00256632
1350 -7.58687 -7.56031 0.0025645
1351 -7.59639 -7.56034 0.00256274
1352 -7.58772 -7.56036 0.00256092
1353 -7.5456 -7.56035 0.00255905
1354 -7.54132 -7.56033 0.0025572
1355 -7.49407 -7.56028 0.00255578
1356 -7.48101 -7.56023 0.00255457
1357 -7.47695 -7.56016 0.00255342
1358 -7.50482 -7.56012 0.00255187
1359 -7.49637 -7.56008 0.00255042
1360 -7.5984 -7.5601 0.0025487
1361 -7.52635 -7.56008 0.00254695
1362 -7.49354 -7.56003 0.00254555
1363 -7.50515 -7.55999 0.002544
1364 -7.47376 -7.55993 0.00254292
1365 -7.3634 -7.55978 0.00254513
1366 -7.37683 -7.55965 0.00254679
1367 -7.37395 -7.55951 0.00254854
1368 -7.43261 -7.55942 0.00254837
1369 -7.49131 -7.55937 0.00254699
1370 -7.50092 -7.55933 0.00254549
1371 -7.4956 -7.55928 0.00254406
1372 -7.48336 -7.55923 0.00254281
1373 -7.4613 -7.55916 0.00254195
1374 -7.47414 -7.55909 0.00254086
1375 -7.467 -7.55903 0.00253989
1376 -7.4252 -7.55893 0.00253991
1377 -7.34996 -7.55878 0.00254259
1378 -7.35737 -7.55863 0.00254494
1379 -7.30546 -7.55845 0.00254971
1380 -7.41178 -7.55834 0.00255008
1381 -7.47231 -7.55828 0.00254899
1382 -7.5264 -7.55826 0.00254725
1383 -7.54175 -7.55824 0.00254544
1384 -7.57639 -7.55826 0.00254363
1385 -7.56323 -7.55826 0.0025418
1386 -7.61794 -7.5583 0.00254033
1387 -7.61038 -7.55834 0.00253878
1388 -7.57177 -7.55835 0.00253697
1389 -7.61051 -7.55839 0.00253542
1390 -7.64302 -7.55845 0.00253432
1391 -7.59295 -7.55847 0.00253262
1392 -7.66361 -7.55855 0.00253193
1393 -7.63352 -7.5586 0.00253068
1394 -7.68573 -7.5587 0.00253051
1395 -7.6141 -7.55873 0.00252901
1396 -7.65664 -7.5588 0.00252817
1397 -7.6454 -7.55887 0.00252712
1398 -7.68548 -7.55896 0.00252693
1399 -7.69002 -7.55905 0.00252686
1400 -7.71982 -7.55917 0.00252767
1401 -7.74336 -7.5593 0.00252928
1402 -7.77463 -7.55945 0.00253214
1403 -7.76373 -7.5596 0.00253451
1404 -7.73742 -7.55972 0.00253587
1405 -7.68159 -7.55981 0.00253555
1406 -7.65253 -7.55988 0.0025346
1407 -7.6529 -7.55994 0.00253366
1408 -7.6055 -7.55997 0.00253207
1409 -7.63344 -7.56003 0.00253081
1410 -7.61117 -7.56006 0.00252928
1411 -7.5868 -7.56008 0.00252755
1412 -7.55775 -7.56008 0.00252576
1413 -7.51473 -7.56005 0.00252418
1414 -7.56067 -7.56005 0.0025224
1415 -7.5348 -7.56003 0.00252068
1416 -7.64647 -7.56009 0.00251963
1417 -7.60603 -7.56012 0.00251807
1418 -7.61142 -7.56016 0.00251655
1419 -7.69874 -7.56026 0.00251667
1420 -7.61407 -7.5603 0.00251518
1421 -7.53415 -7.56028 0.00251348
1422 -7.58753 -7.5603 0.00251179
1423 -7.6418 -7.56035 0.00251067
1424 -7.71032 -7.56046 0.00251112
1425 -7.68751 -7.56055 0.00251094
1426 -7.72222 -7.56066 0.00251174
1427 -7.67316 -7.56074 0.00251121
1428 -7.67212 -7.56082 0.00251066
1429 -7.62511 -7.56086 0.00250931
1430 -7.66647 -7.56094 0.00250864
1431 -7.66646 -7.56101 0.00250797
1432 -7.72375 -7.56112 0.0025088
1433 -7.68595 -7.56121 0.00250856
1434 -7.68273 -7.5613 0.00250824
1435 -7.68683 -7.56138 0.00250802
1436 -7.65483 -7.56145 0.00250711
1437 -7.64113 -7.5615 0.00250598
1438 -7.63583 -7.56156 0.00250477
1439 -7.62051 -7.5616 0.00250337
1440 -7.61989 -7.56164 0.00250195
1441 -7.54089 -7.56162 0.00250026
1442 -7.63257 -7.56167 0.00249901
1443 -7.65281 -7.56174 0.00249808
1444 -7.67906 -7.56182 0.00249767
1445 -7.62248 -7.56186 0.00249629
1446 -7.63536 -7.56191 0.00249508
1447 -7.62071 -7.56195 0.00249369
1448 -7.59316 -7.56197 0.00249206
1449 -7.55451 -7.56197 0.00249035
1450 -7.55424 -7.56196 0.00248863
1451 -7.55988 -7.56196 0.00248692
1452 -7.46339 -7.56189 0.00248613
1453 -7.47828 -7.56183 0.00248509
1454 -7.44203 -7.56175 0.00248474
1455 -7.50653 -7.56171 0.00248333
1456 -7.48141 -7.56166 0.00248223
1457 -7.52062 -7.56163 0.00248069
1458 -7.58294 -7.56165 0.00247903
1459 -7.5555 -7.56164 0.00247734
1460 -7.467 -7.56158 0.00247649
1461 -7.46156 -7.56151 0.00247574
1462 -7.49621 -7.56146 0.00247445
1463 -7.39803 -7.56135 0.00247528
1464 -7.38093 -7.56123 0.00247665
1465 -7.43088 -7.56114 0.00247656
1466 -7.38444 -7.56102 0.0024778
1467 -7.44882 -7.56094 0.00247729
1468 -7.41191 -7.56084 0.00247768
1469 -7.45067 -7.56077 0.00247713
1470 -7.45792 -7.5607 0.00247643
1471 -7.42633 -7.5606 0.00247643
1472 -7.41573 -7.56051 0.00247671
1473 -7.44931 -7.56043 0.00247618
1474 -7.40789 -7.56033 0.00247666
1475 -7.38108 -7.56021 0.00247796
1476 -7.44056 -7.56012 0.0024776
1477 -7.50648 -7.56009 0.00247619
1478 -7.47242 -7.56003 0.00247523
1479 -7.47993 -7.55997 0.00247415
1480 -7.48287 -7.55992 0.00247302
1481 -7.46586 -7.55986 0.00247217
1482 -7.55739 -7.55986 0.0024705
1483 -7.5629 -7.55986 0.00246884
1484 -7.58362 -7.55988 0.00246723
1485 -7.60038 -7.5599 0.00246571
1486 -7.51739 -7.55987 0.00246422
1487 -7.53788 -7.55986 0.00246261
1488 -7.53977 -7.55985 0.00246099
1489 -7.48051 -7.55979 0.00245991
1490 -7.48121 -7.55974 0.00245883
1491 -7.47542 -7.55968 0.00245783
1492 -7.49 -7.55964 0.00245663
1493 -7.45389 -7.55957 0.002456
1494 -7.40609 -7.55946 0.00245651
1495 -7.4807 -7.55941 0.00245543
1496 -7.54024 -7.5594 0.00245382
1497 -7.64005 -7.55945 0.00245277
1498 -7.63324 -7.5595 0.00245163
1499 -7.65 -7.55956 0.00245074
1500 -7.60727 -7.55959 0.00244931
1501 -7.61573 -7.55963 0.00244796
1502 -7.62582 -7.55967 0.00244673
1503 -7.54228 -7.55966 0.00244513
1504 -7.53491 -7.55965 0.00244356
1505 -7.52207 -7.55962 0.00244206
1506 -7.55375 -7.55962 0.00244044
1507 -7.56101 -7.55962 0.00243883
1508 -7.52173 -7.55959 0.00243734
1509 -7.53132 -7.55957 0.00243579
1510 -7.54303 -7.55956 0.00243421
1511 -7.49281 -7.55952 0.002433
1512 -7.52845 -7.5595 0.00243147
1513 -7.56259 -7.5595 0.00242987
1514 -7.54061 -7.55949 0.00242829
1515 -7.44664 -7.55941 0.00242783
1516 -7.39203 -7.5593 0.00242874
1517 -7.46652 -7.55924 0.00242791
1518 -7.50089 -7.5592 0.00242662
1519 -7.53125 -7.55919 0.00242509
1520 -7.54221 -7.55917 0.00242352
1521 -7.55094 -7.55917 0.00242193
1522 -7.57572 -7.55918 0.00242036
1523 -7.57958 -7.55919 0.00241881
1524 -7.59664 -7.55922 0.00241735
1525 -7.6555 -7.55928 0.00241659
1526 -7.67682 -7.55936 0.00241623
1527 -7.68181 -7.55944 0.00241598
1528 -7.62395 -7.55948 0.00241477
1529 -7.658 -7.55954 0.00241405
1530 -7.63139 -7.55959 0.00241293
1531 -7.6529 -7.55965 0.00241212
1532 -7.63468 -7.5597 0.00241104
1533 -7.61431 -7.55974 0.00240973
1534 -7.64052 -7.55979 0.00240874
1535 -7.60336 -7.55982 0.00240734
1536 -7.58353 -7.55983 0.00240582
1537 -7.52611 -7.55981 0.00240435
1538 -7.55804 -7.55981 0.00240279
1539 -7.48192 -7.55976 0.00240176
1540 -7.43229 -7.55968 0.00240163
1541 -7.46291 -7.55961 0.00240089
1542 -7.41983 -7.55952 0.00240104
1543 -7.44368 -7.55945 0.00240066
1544 -7.48013 -7.5594 0.00239966
1545 -7.52946 -7.55938 0.00239818
1546 -7.52756 -7.55936 0.00239672
1547 -7.55219 -7.55935 0.00239517
1548 -7.57384 -7.55936 0.00239364
1549 -7.54157 -7.55935 0.00239213
1550 -7.52082 -7.55933 0.00239071
1551 -7.54172 -7.55931 0.0023892
1552 -7.52963 -7.5593 0.00238774
1553 -7.60739 -7.55933 0.0023864
1554 -7.59979 -7.55935 0.002385
1555 -7.51654 -7.55932 0.00238363
1556 -7.52189 -7.5593 0.00238222
1557 -7.4636 -7.55924 0.00238148
1558 -7.5736 -7.55925 0.00237997
1559 -7.66731 -7.55932 0.00237945
1560 -7.55735 -7.55932 0.00237793
1561 -7.51765 -7.55929 0.00237656
1562 -7.4763 -7.55924 0.00237563
1563 -7.44944 -7.55917 0.00237515
1564 -7.41066 -7.55907 0.00237553
1565 -7.40617 -7.55897 0.00237602
1566 -7.37326 -7.55886 0.00237746
1567 -7.3891 -7.55875 0.00237841
1568 -7.40242 -7.55865 0.00237898
1569 -7.50234 -7.55861 0.00237773
1570 -7.50045 -7.55857 0.00237651
1571 -7.54728 -7.55857 0.002375
1572 -7.45659 -7.5585 0.00237438
1573 -7.44976 -7.55843 0.00237388
1574 -7.52188 -7.55841 0.00237248
1575 -7.46329 -7.55835 0.00237174
1576 -7.50386 -7.55831 0.00237049
1577 -7.44447 -7.55824 0.00237009
1578 -7.51792 -7.55822 0.00236872
1579 -7.50062 -7.55818 0.0023675
1580 -7.49123 -7.55814 0.00236638
1581 -7.47167 -7.55808 0.00236552
1582 -7.48343 -7.55804 0.00236449
1583 -7.49907 -7.558 0.00236329
1584 -7.58882 -7.55802 0.00236188
1585 -7.58238 -7.55803 0.00236044
1586 -7.51016 -7.558 0.00235915
1587 -7.51138 -7.55797 0.00235784
1588 -7.4849 -7.55793 0.00235681
1589 -7.49693 -7.55789 0.00235564
1590 -7.52523 -7.55787 0.00235424
1591 -7.53886 -7.55786 0.00235279
1592 -7.58481 -7.55787 0.00235138
1593 -7.62186 -7.55791 0.00235024
1594 -7.64472 -7.55797 0.0023494
1595 -7.55086 -7.55796 0.00234793
1596 -7.42995 -7.55788 0.00234783
1597 -7.45711 -7.55782 0.00234721
1598 -7.43381 -7.55774 0.00234702
1599 -7.48577 -7.5577 0.00234599
1600 -7.64215 -7.55775 0.00234511
1601 -7.629 -7.5578 0.00234407
1602 -7.64593 -7.55785 0.00234325
1603 -7.6112 -7.55788 0.00234203
1604 -7.6407 -7.55794 0.00234114
1605 -7.68098 -7.55801 0.00234093
1606 -7.61987 -7.55805 0.00233979
1607 -7.60754 -7.55808 0.00233854
1608 -7.64163 -7.55813 0.00233766
1609 -7.58156 -7.55815 0.00233625
1610 -7.65488 -7.55821 0.00233558
1611 -7.66664 -7.55828 0.0023351
1612 -7.66459 -7.55834 0.00233458
1613 -7.64301 -7.55839 0.00233372
1614 -7.61339 -7.55843 0.00233252
1615 -7.53058 -7.55841 0.00233114
1616 -7.49042 -7.55837 0.00233008
1617 -7.51748 -7.55834 0.00232878
1618 -7.57572 -7.55835 0.00232736
1619 -7.5439 -7.55835 0.00232594
1620 -7.57777 -7.55836 0.00232454
1621 -7.57229 -7.55837 0.00232312
1622 -7.60858 -7.5584 0.00232189
1623 -7.66284 -7.55846 0.00232135
1624 -7.66366 -7.55853 0.00232083
1625 -7.64356 -7.55858 0.00231999
1626 -7.53898 -7.55857 0.00231859
1627 -7.47545 -7.55852 0.00231773
1628 -7.51153 -7.55849 0.00231649
1629 -7.57025 -7.55849 0.00231508
1630 -7.5992 -7.55852 0.00231379
1631 -7.5864 -7.55854 0.00231244
1632 -7.57474 -7.55855 0.00231104
1633 -7.5884 -7.55856 0.0023097
1634 -7.50685 -7.55853 0.0023085
1635 -7.43237 -7.55846 0.00230838
1636 -7.53545 -7.55844 0.00230701
1637 -7.47472 -7.55839 0.00230617
1638 -7.43708 -7.55832 0.00230595
1639 -7.39935 -7.55822 0.00230658
1640 -7.3874 -7.55811 0.00230752
1641 -7.40766 -7.55802 0.00230794
1642 -7.3205 -7.55788 0.00231106
1643 -7.40063 -7.55778 0.00231164
1644 -7.34662 -7.55765 0.0023138
1645 -7.3556 -7.55753 0.00231565
1646 -7.3753 -7.55742 0.00231689
1647 -7.31902 -7.55728 0.00232
1648 -7.38243 -7.55717 0.00232101
1649 -7.33445 -7.55703 0.00232353
1650 -7.3507 -7.55691 0.00232549
1651 -7.30044 -7.55675 0.00232926
1652 -7.32667 -7.55662 0.00233201
1653 -7.38831 -7.55651 0.00233282
1654 -7.31951 -7.55637 0.00233581
1655 -7.3331 -7.55624 0.00233829
1656 -7.3617 -7.55612 0.00233983
1657 -7.33722 -7.55599 0.00234214
1658 -7.35106 -7.55586 0.00234399
1659 -7.41998 -7.55578 0.002344
1660 -7.38 -7.55567 0.00234498
1661 -7.34106 -7.55555 0.00234713
1662 -7.3407 -7.55542 0.00234927
1663 -7.34514 -7.55529 0.00235126
1664 -7.35786 -7.55517 0.00235284
1665 -7.4323 -7.5551 0.00235258
1666 -7.49832 -7.55506 0.00235142
1667 -7.46282 -7.55501 0.00235066
1668 -7.38605 -7.55491 0.00235143
1669 -7.37914 -7.5548 0.00235238
1670 -7.41757 -7.55472 0.00235241
1671 -7.35102 -7.5546 0.00235415
1672 -7.33938 -7.55447 0.00235626
1673 -7.30768 -7.55432 0.00235947
1674 -7.37062 -7.55421 0.00236061
1675 -7.41687 -7.55413 0.00236062
1676 -7.40616 -7.55404 0.00236086
1677 -7.41989 -7.55396 0.00236081
1678 -7.45096 -7.5539 0.0023602
1679 -7.54904 -7.5539 0.0023588
1680 -7.4952 -7.55386 0.00235765
1681 -7.57415 -7.55387 0.00235628
1682 -7.58945 -7.55389 0.00235498
1683 -7.52066 -7.55387 0.00235366
1684 -7.44657 -7.55381 0.00235312
1685 -7.5173 -7.55379 0.00235183
1686 -7.5715 -7.5538 0.00235046
1687 -7.56067 -7.5538 0.00234907
1688 -7.55487 -7.5538 0.00234767
1689 -7.5484 -7.5538 0.00234629
1690 -7.60859 -7.55383 0.00234512
1691 -7.53895 -7.55383 0.00234375
1692 -7.51794 -7.5538 0.00234246
1693 -7.52246 -7.55379 0.00234115
1694 -7.52937 -7.55377 0.00233981
1695 -7.55342 -7.55377 0.00233843
1696 -7.57899 -7.55379 0.0023371
1697 -7.60786 -7.55382 0.00233594
1698 -7.53979 -7.55381 0.00233458
1699 -7.54985 -7.55381 0.00233321
1700 -7.56096 -7.55381 0.00233184
1701 -7.55381 -7.55381 0.00233047
1702 -7.47512 -7.55376 0.00232956
1703 -7.492 -7.55373 0.00232847
1704 -7.56439 -7.55373 0.00232711
1705 -7.59698 -7.55376 0.00232589
1706 -7.56099 -7.55376 0.00232453
1707 -7.50515 -7.55374 0.00232334
1708 -7.52463 -7.55372 0.00232204
1709 -7.57251 -7.55373 0.00232071
1710 -7.53195 -7.55372 0.00231939
1711 -7.53432 -7.55371 0.00231806
1712 -7.59653 -7.55373 0.00231684
1713 -7.63163 -7.55378 0.00231593
1714 -7.63532 -7.55382 0.00231507
1715 -7.54614 -7.55382 0.00231373
1716 -7.51634 -7.5538 0.00231248
1717 -7.53546 -7.55379 0.00231116
1718 -7.60002 -7.55381 0.00230997
1719 -7.57542 -7.55383 0.00230866
1720 -7.60459 -7.55386 0.00230751
1721 -7.61214 -7.55389 0.00230642
1722 -7.65448 -7.55395 0.00230582
1723 -7.67399 -7.55402 0.00230553
1724 -7.63481 -7.55406 0.00230467
1725 -7.68199 -7.55414 0.00230453
1726 -7.68907 -7.55422 0.00230452
1727 -7.60663 -7.55425 0.00230338
1728 -7.70128 -7.55433 0.00230362
1729 -7.73126 -7.55443 0.00230456
1730 -7.70019 -7.55452 0.00230477
1731 -7.72429 -7.55462 0.00230552
1732 -7.73605 -7.55472 0.00230657
1733 -7.74598 -7.55483 0.00230788
1734 -7.76788 -7.55496 0.00230981
1735 -7.74133 -7.55506 0.00231098
1736 -7.73662 -7.55517 0.00231201
1737 -7.7383 -7.55527 0.00231308
1738 -7.72794 -7.55537 0.00231389
1739 -7.68062 -7.55544 0.00231368
1740 -7.71217 -7.55553 0.0023141
1741 -7.69933 -7.55562 0.00231424
1742 -7.67905 -7.55569 0.002314
1743 -7.6843 -7.55576 0.00231385
1744 -7.65641 -7.55582 0.00231324
1745 -7.60741 -7.55585 0.0023121
1746 -7.6031 -7.55588 0.00231094
1747 -7.52307 -7.55586 0.00230969
1748 -7.58772 -7.55588 0.00230844
1749 -7.50121 -7.55584 0.00230733
1750 -7.52816 -7.55583 0.00230607
1751 -7.49303 -7.55579 0.00230503
1752 -7.57543 -7.5558 0.00230374
1753 -7.61552 -7.55584 0.00230268
1754 -7.64021 -7.55589 0.00230187
1755 -7.67228 -7.55595 0.00230151
1756 -7.65252 -7.55601 0.00230086
1757 -7.60967 -7.55604 0.00229975
1758 -7.58875 -7.55606 0.00229852
1759 -7.53417 -7.55604 0.00229725
1760 -7.5573 -7.55604 0.00229594
1761 -7.49629 -7.55601 0.00229489
1762 -7.56425 -7.55601 0.00229359
1763 -7.58583 -7.55603 0.00229235
1764 -7.53783 -7.55602 0.00229108
1765 -7.54212 -7.55601 0.00228979
1766 -7.53131 -7.556 0.00228854
1767 -7.49566 -7.55597 0.0022875
1768 -7.47596 -7.55592 0.00228665
1769 -7.53793 -7.55591 0.00228538
1770 -7.55763 -7.55591 0.00228409
1771 -7.60414 -7.55594 0.00228296
1772 -7.60642 -7.55597 0.00228185
1773 -7.60201 -7.55599 0.00228071
1774 -7.54749 -7.55599 0.00227943
1775 -7.47628 -7.55594 0.00227859
1776 -7.47142 -7.5559 0.0022778
1777 -7.44287 -7.55583 0.00227741
1778 -7.46792 -7.55578 0.00227667
1779 -7.44916 -7.55572 0.00227617
1780 -7.41647 -7.55564 0.00227624
1781 -7.34951 -7.55553 0.0022779
1782 -7.32241 -7.5554 0.00228038
1783 -7.43363 -7.55533 0.00228012
1784 -7.3894 -7.55524 0.00228074
1785 -7.45869 -7.55518 0.0022801
1786 -7.45382 -7.55513 0.00227953
1787 -7.46417 -7.55507 0.00227882
1788 -7.50349 -7.55505 0.00227773
1789 -7.47167 -7.555 0.00227694
1790 -7.5488 -7.555 0.00227567
1791 -7.59899 -7.55502 0.00227453
1792 -7.58833 -7.55504 0.00227334
1793 -7.56127 -7.55504 0.00227207
1794 -7.53169 -7.55503 0.00227084
1795 -7.47184 -7.55498 0.00227005
1796 -7.47656 -7.55494 0.00226921
1797 -7.45736 -7.55489 0.00226859
1798 -7.52556 -7.55487 0.00226739
1799 -7.51486 -7.55485 0.00226624
1800 -7.48167 -7.55481 0.00226534
1801 -7.44325 -7.55474 0.00226493
1802 -7.45999 -7.55469 0.00226429
1803 -7.49005 -7.55466 0.00226331
1804 -7.44958 -7.5546 0.00226281
1805 -7.45294 -7.55454 0.00226226
1806 -7.4918 -7.55451 0.00226127
1807 -7.43759 -7.55444 0.00226094
1808 -7.47067 -7.5544 0.00226017
1809 -7.46235 -7.55434 0.00225949
1810 -7.50978 -7.55432 0.00225838
1811 -7.5407 -7.55431 0.00225714
1812 -7.56558 -7.55432 0.0022559
1813 -7.5732 -7.55433 0.00225468
1814 -7.53832 -7.55432 0.00225346
1815 -7.55885 -7.55432 0.00225222
1816 -7.53206 -7.55431 0.00225101
1817 -7.45967 -7.55426 0.00225038
1818 -7.43187 -7.55419 0.00225014
1819 -7.46142 -7.55414 0.00224949
1820 -7.6016 -7.55417 0.0022484
1821 -7.60531 -7.55419 0.00224734
1822 -7.58974 -7.55421 0.00224619
1823 -7.59821 -7.55424 0.00224509
1824 -7.56587 -7.55424 0.00224387
1825 -7.65629 -7.5543 0.00224334
1826 -7.58864 -7.55432 0.00224219
1827 -7.56294 -7.55432 0.00224096
1828 -7.57704 -7.55434 0.00223977
1829 -7.59422 -7.55436 0.00223865
1830 -7.6882 -7.55443 0.00223862
1831 -7.61286 -7.55446 0.00223763
1832 -7.59437 -7.55448 0.00223651
1833 -7.61408 -7.55452 0.00223553
1834 -7.59333 -7.55454 0.00223441
1835 -7.5832 -7.55455 0.00223325
1836 -7.63163 -7.5546 0.00223243
1837 -7.62692 -7.55464 0.00223156
1838 -7.67164 -7.5547 0.00223125
1839 -7.65023 -7.55475 0.00223064
1840 -7.60077 -7.55478 0.00222957
1841 -7.6152 -7.55481 0.0022286
1842 -7.63839 -7.55485 0.00222785
1843 -7.69904 -7.55493 0.00222802
1844 -7.69562 -7.55501 0.00222812
1845 -7.62898 -7.55505 0.00222727
1846 -7.51218 -7.55503 0.00222618
1847 -7.4911 -7.55499 0.00222525
1848 -7.52748 -7.55498 0.00222409
1849 -7.53916 -7.55497 0.00222291
1850 -7.48995 -7.55493 0.00222198
1851 -7.58031 -7.55495 0.00222082
1852 -7.58705 -7.55496 0.00221969
1853 -7.5871 -7.55498 0.00221856
1854 -7.57832 -7.55499 0.0022174
1855 -7.5602 -7.555 0.00221621
1856 -7.62212 -7.55503 0.00221531
1857 -7.57615 -7.55504 0.00221415
1858 -7.54606 -7.55504 0.00221296
1859 -7.5986 -7.55506 0.00221189
1860 -7.64191 -7.55511 0.0022112
1861 -7.6981 -7.55519 0.00221134
1862 -7.69346 -7.55526 0.0022114
1863 -7.6275 -7.5553 0.00221055
1864 -7.62914 -7.55534 0.00220972
1865 -7.59649 -7.55536 0.00220865
1866 -7.60606 -7.55539 0.00220763
1867 -7.62563 -7.55543 0.00220677
1868 -7.60527 -7.55545 0.00220575
1869 -7.60943 -7.55548 0.00220476
1870 -7.64283 -7.55553 0.00220408
1871 -7.68961 -7.5556 0.00220406
1872 -7.60281 -7.55562 0.00220303
1873 -7.63608 -7.55567 0.00220227
1874 -7.62348 -7.5557 0.00220139
1875 -7.58672 -7.55572 0.00220028
1876 -7.51104 -7.5557 0.00219924
1877 -7.52855 -7.55568 0.00219811
1878 -7.53963 -7.55567 0.00219696
1879 -7.53637 -7.55566 0.00219581
1880 -7.5017 -7.55563 0.00219483
1881 -7.53946 -7.55563 0.00219368
1882 -7.54073 -7.55562 0.00219253
1883 -7.57565 -7.55563 0.00219139
1884 -7.5739 -7.55564 0.00219025
1885 -7.57942 -7.55565 0.00218913
1886 -7.65139 -7.5557 0.00218855
1887 -7.65741 -7.55576 0.00218806
1888 -7.62173 -7.55579 0.00218718
1889 -7.6139 -7.55582 0.00218624
1890 -7.51356 -7.5558 0.00218519
1891 -7.50504 -7.55577 0.0021842
1892 -7.52473 -7.55576 0.00218311
1893 -7.50125 -7.55573 0.00218215
1894 -7.47442 -7.55568 0.00218142
1895 -7.50177 -7.55566 0.00218045
1896 -7.55788 -7.55566 0.0021793
1897 -7.56114 -7.55566 0.00217816
1898 -7.48967 -7.55562 0.00217729
1899 -7.53338 -7.55561 0.00217617
1900 -7.52262 -7.5556 0.00217509
1901 -7.50026 -7.55557 0.00217414
1902 -7.54089 -7.55556 0.00217302
1903 -7.65705 -7.55561 0.00217253
1904 -7.65067 -7.55566 0.00217196
1905 -7.67207 -7.55572 0.00217168
1906 -7.6712 -7.55578 0.00217139
1907 -7.66736 -7.55584 0.00217103
1908 -7.6433 -7.55589 0.00217038
1909 -7.68308 -7.55595 0.00217027
1910 -7.71342 -7.55604 0.0021707
1911 -7.72724 -7.55613 0.00217141
1912 -7.72084 -7.55621 0.00217198
1913 -7.69663 -7.55629 0.00217208
1914 -7.66745 -7.55634 0.00217173
1915 -7.70196 -7.55642 0.00217192
1916 -7.68325 -7.55649 0.0021718
1917 -7.67888 -7.55655 0.0021716
1918 -7.62561 -7.55659 0.00217077
1919 -7.56073 -7.55659 0.00216964
1920 -7.51122 -7.55656 0.00216864
1921 -7.4753 -7.55652 0.00216792
1922 -7.54627 -7.55652 0.0021668
1923 -7.57641 -7.55653 0.0021657
1924 -7.48697 -7.55649 0.00216487
1925 -7.46801 -7.55645 0.00216424
1926 -7.44496 -7.55639 0.00216389
1927 -7.37966 -7.5563 0.00216471
1928 -7.45607 -7.55624 0.00216421
1929 -7.41587 -7.55617 0.00216431
1930 -7.4011 -7.55609 0.00216468
1931 -7.46144 -7.55604 0.00216411
1932 -7.40498 -7.55596 0.0021644
1933 -7.45718 -7.55591 0.00216389
1934 -7.51355 -7.55589 0.00216288
1935 -7.46823 -7.55585 0.00216224
1936 -7.47793 -7.5558 0.00216149
1937 -7.44892 -7.55575 0.00216108
1938 -7.48176 -7.55571 0.0021603
1939 -7.5521 -7.55571 0.00215919
1940 -7.56998 -7.55572 0.00215809
1941 -7.55677 -7.55572 0.00215698
1942 -7.49621 -7.55569 0.00215609
1943 -7.46319 -7.55564 0.0021555
1944 -7.415 -7.55557 0.00215561
1945 -7.45465 -7.55552 0.00215512
1946 -7.44038 -7.55546 0.00215483
1947 -7.43621 -7.55539 0.00215459
1948 -7.49537 -7.55536 0.00215371
1949 -7.56185 -7.55537 0.0021526
1950 -7.48894 -7.55533 0.00215177
1951 -7.50378 -7.55531 0.00215083
1952 -7.52657 -7.55529 0.00214978
1953 -7.5755 -7.5553 0.0021487
1954 -7.5769 -7.55531 0.00214763
1955 -7.60443 -7.55534 0.00214668
1956 -7.57105 -7.55535 0.0021456
1957 -7.51024 -7.55532 0.00214462
1958 -7.50364 -7.5553 0.00214369
1959 -7.54463 -7.55529 0.0021426
1960 -7.53685 -7.55528 0.00214153
1961 -7.45061 -7.55523 0.0021411
1962 -7.39949 -7.55515 0.00214148
1963 -7.41029 -7.55508 0.00214166
1964 -7.43761 -7.55502 0.00214141
1965 -7.42912 -7.55495 0.00214128
1966 -7.47806 -7.55491 0.00214054
1967 -7.49989 -7.55488 0.00213964
1968 -7.477 -7.55485 0.00213892
1969 -7.55399 -7.55484 0.00213783
1970 -7.61843 -7.55488 0.00213699
1971 -7.54145 -7.55487 0.00213592
1972 -7.60642 -7.5549 0.00213499
1973 -7.65537 -7.55495 0.00213452
1974 -7.62902 -7.55498 0.00213377
1975 -7.65696 -7.55504 0.00213331
1976 -7.58562 -7.55505 0.00213229
1977 -7.61261 -7.55508 0.00213141
1978 -7.56574 -7.55509 0.00213034
1979 -7.54034 -7.55508 0.00212927
1980 -7.61719 -7.55511 0.00212843
1981 -7.54402 -7.5551 0.00212736
1982 -7.45154 -7.55505 0.00212693
1983 -7.35298 -7.55495 0.0021283
1984 -7.39531 -7.55487 0.00212874
1985 -7.41717 -7.5548 0.0021288
1986 -7.3874 -7.55472 0.0021294
1987 -7.45075 -7.55466 0.00212897
1988 -7.40606 -7.55459 0.00212921
1989 -7.47623 -7.55455 0.0021285
1990 -7.5046 -7.55452 0.00212758
1991 -7.50406 -7.5545 0.00212667
1992 -7.49794 -7.55447 0.00212579
1993 -7.60185 -7.55449 0.00212485
1994 -7.62459 -7.55453 0.00212408
1995 -7.63336 -7.55457 0.00212338
1996 -7.62314 -7.5546 0.0021226
1997 -7.62021 -7.55464 0.00212179
1998 -7.61574 -7.55467 0.00212095
1999 -7.56911 -7.55467 0.0021199
2000 -7.61677 -7.55471 0.00211906
