1 -96.4779 -96.4779 0
2 -84.3325 -90.4052 4.29404
3 -129.364 -103.391 10.9828
4 28.1652 -70.5023 29.65
5 -18.8193 -60.1657 25.4581
6 -53.8447 -59.1122 21.2369
7 -70.8458 -60.7884 18.2691
8 -75.8851 -62.6755 16.0826
9 -90.5604 -65.7738 14.591
10 -51.5401 -64.3505 13.2012
11 -112.891 -68.7632 12.7172
12 -161.1 -76.4579 13.7903
13 -134.952 -80.9575 13.4435
14 -129.388 -84.4169 12.9207
15 -30.5463 -80.8255 12.5485
16 -89.5105 -81.3683 11.776
17 -150.64 -85.4431 11.7671
18 -113.025 -86.9754 11.2127
19 -15.2291 -83.1993 11.2405
20 -44.9624 -81.2874 10.8398
21 -131.695 -83.6878 10.5861
22 -41.0558 -81.75 10.2807
23 -37.6545 -79.8328 10.0109
24 -53.9397 -78.7539 9.65173
25 32.5205 -74.3029 10.2407
26 13.7701 -70.9155 10.3919
27 -88.9408 -71.5831 10.0285
28 -73.6891 -71.6583 9.67061
29 22.6639 -68.4058 9.86894
30 -78.2459 -68.7338 9.54543
31 -167.721 -71.9269 9.75698
32 -129.015 -73.711 9.61379
33 -113.566 -74.9187 9.39802
34 -98.7839 -75.6206 9.14778
35 -144.254 -77.5815 9.09416
36 -92.2397 -77.9887 8.85066
37 -89.728 -78.306 8.61714
38 -107.122 -79.0643 8.42367
39 -31.2888 -77.8393 8.29628
40 -63.3974 -77.4782 8.09672
41 -35.97 -76.4659 7.96228
42 -119.389 -77.4878 7.83802
43 -130.862 -78.7291 7.7534
44 -120.098 -79.6693 7.63398
45 -111.283 -80.3718 7.49659
46 -130.691 -81.4657 7.413
47 -148.33 -82.8884 7.39053
48 -117.467 -83.6087 7.27158
49 -126.016 -84.4742 7.1745
50 -192.091 -86.6265 7.34677
51 -133.151 -87.5388 7.25913
52 -100.166 -87.7816 7.12359
53 -105.559 -88.117 6.99707
54 -52.4713 -87.4569 6.89857
55 -36.1902 -86.5248 6.83582
56 -68.0367 -86.1946 6.72172
57 -107.519 -86.5688 6.6142
58 -53.313 -85.9954 6.52497
59 -90.0337 -86.0638 6.41473
60 -106.435 -86.4033 6.3168
61 -100.81 -86.6395 6.21766
62 -26.9447 -85.6767 6.19147
63 -75.8979 -85.5215 6.09514
64 -130.236 -86.2201 6.03981
65 -95.7208 -86.3663 5.94866
66 -111.844 -86.7523 5.87104
67 -90.7277 -86.8117 5.78371
68 -87.7746 -86.8258 5.69868
69 -77.0534 -86.6842 5.61785
70 -132.393 -87.3372 5.57541
71 -90.2051 -87.3776 5.49703
72 -116.524 -87.7824 5.43557
73 -52.8156 -87.3034 5.38217
74 -60.4714 -86.9408 5.32164
75 -95.3183 -87.0525 5.25186
76 -109.409 -87.3467 5.19099
77 -123.231 -87.8127 5.14445
78 -57.4232 -87.4231 5.09323
79 -7.44957 -86.4108 5.12837
80 -79.8844 -86.3292 5.06492
81 -116.984 -86.7076 5.01651
82 -86.3587 -86.7034 4.95533
83 -68.1613 -86.48 4.90066
84 -114.316 -86.8114 4.85351
85 -102.104 -86.9913 4.79974
86 -126.664 -87.4526 4.76605
87 -101.7 -87.6164 4.71408
88 -2.99061 -86.6547 4.75759
89 -70.3385 -86.4714 4.70766
90 -21.3315 -85.7476 4.71067
91 -11.4434 -84.9311 4.72914
92 -18.9143 -84.2135 4.73186
93 -37.6573 -83.7129 4.70739
94 -108.093 -83.9723 4.66445
95 -47.7918 -83.5914 4.63087
96 -45.2893 -83.1924 4.59979
97 -10.9224 -82.4474 4.61231
98 -112.519 -82.7542 4.57544
99 -62.6406 -82.5511 4.53374
100 -71.0842 -82.4364 4.48985
101 -129.482 -82.9022 4.46949
102 -52.6394 -82.6055 4.43551
103 -159.231 -83.3494 4.4544
104 -147.892 -83.97 4.45459
105 18.4323 -82.9948 4.51766
106 -126.128 -83.4017 4.49333
107 -51.2821 -83.1015 4.46135
108 -25.8702 -82.5716 4.4514
109 -67.3876 -82.4323 4.41274
110 -38.1549 -82.0298 4.39095
111 -89.8456 -82.1002 4.35196
112 -124.037 -82.4746 4.32918
113 -50.9256 -82.1954 4.29986
114 -135.601 -82.6639 4.28758
115 -80.9644 -82.6491 4.25033
116 -75.4264 -82.5868 4.21414
117 -82.0212 -82.582 4.17813
118 -102.185 -82.7481 4.14602
119 -127.492 -83.1241 4.12819
120 -91.0028 -83.1898 4.09431
121 -62.9913 -83.0229 4.06388
122 35.3824 -82.0523 4.14484
123 -50.6964 -81.7974 4.11897
124 -87.4544 -81.843 4.08601
125 -45.6123 -81.5532 4.06359
126 -122.158 -81.8754 4.0441
127 -66.7546 -81.7564 4.014
128 -127.526 -82.1139 3.99854
129 -75.9188 -82.0659 3.96783
130 -123.511 -82.3847 3.9501
131 -51.4133 -82.1483 3.92701
132 47.3714 -81.1671 4.01798
133 -152.295 -81.7019 4.0232
134 -90.207 -81.7654 3.99368
135 -57.8526 -81.5882 3.96802
136 -31.618 -81.2208 3.95582
137 -57.8413 -81.0501 3.93062
138 1.40674 -80.4526 3.94729
139 -40.1381 -80.1626 3.92954
140 -110.443 -80.3789 3.90742
141 -55.3082 -80.2011 3.88375
142 -44.0137 -79.9462 3.86475
143 -127.072 -80.2758 3.85175
144 -89.5669 -80.3403 3.82554
145 -80.3928 -80.3407 3.79916
146 -90.0388 -80.4071 3.77372
147 -60.0358 -80.2685 3.75059
148 -102.591 -80.4194 3.72828
149 -152.754 -80.9048 3.73473
150 -88.3721 -80.9546 3.71016
151 -74.8499 -80.9142 3.68581
152 -82.8751 -80.9271 3.66159
153 -97.014 -81.0322 3.63916
154 -149.337 -81.4758 3.64246
155 -110.786 -81.6649 3.62387
156 6.60436 -81.099 3.64454
157 -103.302 -81.2405 3.62407
158 -112.07 -81.4356 3.60638
159 -148.785 -81.8592 3.60849
160 -105.468 -82.0067 3.58896
161 -114.759 -82.2101 3.57242
162 -137.183 -82.5495 3.56645
163 -92.0968 -82.6081 3.54505
164 -132.478 -82.9121 3.53646
165 29.617 -82.2301 3.58018
166 -59.7448 -82.0947 3.56117
167 -163.188 -82.5803 3.5728
168 -121.983 -82.8148 3.55922
169 -107.145 -82.9588 3.54107
170 -48.9957 -82.759 3.52588
171 -58.2104 -82.6154 3.50818
172 28.5067 -81.9694 3.54677
173 -33.4718 -81.6891 3.53733
174 -55.3165 -81.5375 3.52025
175 -94.5982 -81.6121 3.50092
176 -68.0943 -81.5353 3.48187
177 34.7416 -80.8784 3.52363
178 -3.58291 -80.4441 3.53049
179 -77.6977 -80.4288 3.5108
180 -91.6735 -80.4913 3.49185
181 -65.3612 -80.4077 3.47356
182 -70.643 -80.354 3.45489
183 -60.3884 -80.2449 3.43773
184 -63.496 -80.1539 3.42025
185 -36.4248 -79.9175 3.40992
186 -57.2942 -79.7959 3.39376
187 -118.31 -80.0018 3.38185
188 -110.477 -80.1639 3.36775
189 22.3702 -79.6214 3.39334
190 -101.894 -79.7387 3.37751
191 25.9298 -79.1854 3.40483
192 -61.2229 -79.0919 3.38839
193 -60.3435 -78.9947 3.37222
194 120.693 -77.9654 3.50842
195 -26.0269 -77.6991 3.50052
196 -69.797 -77.6587 3.48289
197 -131.838 -77.9338 3.47605
198 -125.64 -78.1747 3.46684
199 -127.923 -78.4247 3.45842
200 -111.347 -78.5893 3.44504
201 -14.4696 -78.2703 3.44264
202 54.0061 -77.6155 3.48732
203 -79.9432 -77.6269 3.47016
204 -132.292 -77.8949 3.46348
205 -45.3906 -77.7363 3.45021
206 -144.92 -78.0625 3.44884
207 -93.2108 -78.1357 3.43296
208 -97.942 -78.2309 3.41777
209 66.4784 -77.5385 3.47085
210 -92.3022 -77.6088 3.45503
211 -119.671 -77.8081 3.4444
212 -59.9364 -77.7238 3.42919
213 -115.347 -77.9005 3.41763
214 -54.1612 -77.7895 3.40346
215 -43.7444 -77.6312 3.39131
216 -8.87159 -77.3129 3.39052
217 2.76211 -76.9439 3.39492
218 2.03901 -76.5815 3.39862
219 -62.1015 -76.5154 3.38375
220 -51.2255 -76.4005 3.37032
221 -51.4637 -76.2876 3.35696
222 72.0488 -75.6195 3.40768
223 -43.7876 -75.4767 3.39539
224 -15.8285 -75.2104 3.39066
225 -105.447 -75.3448 3.37825
226 -31.3153 -75.15 3.36892
227 -49.9821 -75.0391 3.3559
228 -5.69549 -74.735 3.35493
229 -25.5009 -74.52 3.34717
230 -79.0274 -74.5396 3.33267
231 -81.9042 -74.5715 3.3184
232 18.1153 -74.1719 3.32805
233 -15.9732 -73.9222 3.32313
234 54.2396 -73.3745 3.35376
235 85.6214 -72.6979 3.40705
236 -38.1015 -72.5513 3.39577
237 -50.7099 -72.4591 3.38269
238 -95.1513 -72.5545 3.36982
239 -134.219 -72.8125 3.36558
240 -93.7171 -72.8996 3.35269
241 -155.62 -73.2428 3.3563
242 -33.0187 -73.0766 3.34654
243 -98.6379 -73.1818 3.33442
244 -69.0259 -73.1648 3.3208
245 -56.3986 -73.0963 3.30795
246 -83.0257 -73.1367 3.29475
247 -10.9978 -72.8851 3.291
248 -155.675 -73.219 3.29462
249 -107.099 -73.355 3.2842
250 -114.975 -73.5215 3.27528
251 -137.557 -73.7766 3.27215
252 -83.0426 -73.8134 3.25937
253 -62.0101 -73.7667 3.24682
254 -38.9434 -73.6296 3.23693
255 -4.46789 -73.3584 3.23558
256 -66.0554 -73.3299 3.22307
257 -30.1499 -73.1619 3.2149
258 -57.1963 -73.1 3.20304
259 -102.813 -73.2147 3.19273
260 -44.3978 -73.1039 3.18237
261 -123.409 -73.2966 3.17601
262 -78.2475 -73.3155 3.16394
263 -22.4357 -73.1221 3.15782
264 5.45848 -72.8244 3.15986
265 21.8637 -72.4671 3.16807
266 -45.1261 -72.3643 3.15783
267 -46.6042 -72.2678 3.14747
268 -94.545 -72.351 3.13683
269 -111.743 -72.4974 3.12858
270 -94.3675 -72.5784 3.11804
271 -110.852 -72.7196 3.10973
272 -100.352 -72.8212 3.09996
273 -96.3498 -72.9074 3.0898
274 -83.3384 -72.9455 3.07876
275 -85.3919 -72.9907 3.0679
276 -75.4163 -72.9995 3.0568
277 -58.3885 -72.9468 3.04621
278 -109.813 -73.0794 3.03814
279 -127.973 -73.2761 3.03362
280 -106.384 -73.3944 3.02509
281 -96.9634 -73.4783 3.01548
282 -104.271 -73.5874 3.00677
283 -161.961 -73.8997 3.01231
284 -117.786 -74.0543 3.00567
285 -138.472 -74.2803 3.00361
286 -84.8702 -74.3173 2.99334
287 -99.8754 -74.4064 2.98423
288 -81.404 -74.4307 2.97397
289 -58.9202 -74.377 2.96416
290 -66.2819 -74.3491 2.95407
291 -42.9659 -74.2412 2.94589
292 -22.5877 -74.0643 2.94111
293 -62.0211 -74.0232 2.93135
294 -86.0325 -74.0641 2.92167
295 -73.5156 -74.0622 2.91177
296 -162.409 -74.3607 2.91718
297 -120.39 -74.5157 2.91148
298 -88.681 -74.5632 2.90209
299 -172.467 -74.8906 2.9108
300 -135.945 -75.0942 2.90821
301 48.3477 -74.684 2.92732
302 -1.53435 -74.4418 2.92763
303 -54.5518 -74.3762 2.9187
304 67.1843 -73.9105 2.94601
305 -93.2477 -73.9739 2.93704
306 -67.8934 -73.9541 2.9275
307 -79.8752 -73.9733 2.91803
308 -150.1 -74.2205 2.91901
309 -139.525 -74.4318 2.9172
310 -106.729 -74.536 2.90965
311 -85.0318 -74.5698 2.90049
312 -178.589 -74.9032 2.91029
313 -137.83 -75.1042 2.90793
314 -101.488 -75.1882 2.89988
315 -108.98 -75.2955 2.89266
316 -79.291 -75.3082 2.88353
317 -115.789 -75.4359 2.87726
318 -135.853 -75.6259 2.87448
319 -79.5908 -75.6383 2.8655
320 -109.225 -75.7432 2.85846
321 -12.2169 -75.5453 2.8564
322 -144.284 -75.7588 2.8555
323 -71.0046 -75.7441 2.84669
324 -68.9449 -75.7231 2.83799
325 -149.358 -75.9497 2.83828
326 105.659 -75.3926 2.88373
327 22.9115 -75.092 2.89054
328 -123.739 -75.2403 2.88553
329 -115.168 -75.3616 2.87931
330 -52.5351 -75.2925 2.87141
331 17.2569 -75.0129 2.87632
332 -144.392 -75.2218 2.87524
333 -117.446 -75.3486 2.8694
334 -34.6243 -75.2267 2.8634
335 -15.3846 -75.0481 2.86041
336 -110.992 -75.1551 2.8539
337 -87.1123 -75.1905 2.84565
338 -17.4944 -75.0198 2.84235
339 -104.567 -75.107 2.8353
340 -82.4722 -75.1287 2.82704
341 -52.7736 -75.0631 2.81951
342 -84.2325 -75.0899 2.8114
343 70.8202 -74.6645 2.8352
344 11.462 -74.4142 2.83799
345 -65.3241 -74.3878 2.82989
346 -71.3649 -74.3791 2.82172
347 -94.681 -74.4376 2.8142
348 -46.4937 -74.3573 2.80726
349 -34.1916 -74.2422 2.80157
350 -108.093 -74.3389 2.79524
351 -76.2922 -74.3445 2.78728
352 -18.3913 -74.1855 2.78389
353 -113.839 -74.2978 2.77827
354 -86.7192 -74.3329 2.77064
355 -122.655 -74.4691 2.76618
356 -77.3199 -74.4771 2.75842
357 -63.6203 -74.4466 2.75086
358 -93.2248 -74.4991 2.74368
359 -87.1498 -74.5343 2.73626
360 -80.4541 -74.5508 2.72871
361 -24.063 -74.4109 2.72473
362 84.532 -73.9719 2.75235
363 -57.8428 -73.9274 2.74513
364 -9.43352 -73.7502 2.7433
365 -72.1833 -73.746 2.73579
366 -77.6773 -73.7567 2.72833
367 24.3137 -73.4895 2.73395
368 -64.2861 -73.4645 2.72664
369 -111.443 -73.5674 2.72119
370 -93.1284 -73.6203 2.71435
371 -13.2234 -73.4575 2.71191
372 -7.99777 -73.2815 2.71033
373 9.40358 -73.0598 2.71211
374 -4.33218 -72.8761 2.71108
375 43.3188 -72.5662 2.7215
376 -65.8887 -72.5484 2.71432
377 -51.2091 -72.4918 2.70771
378 -101.457 -72.5685 2.70163
379 -58.3063 -72.5308 2.69476
380 -65.6996 -72.5129 2.68773
381 -4.86282 -72.3353 2.68653
382 -52.4891 -72.2833 2.68
383 13.889 -72.0584 2.68243
384 -114.019 -72.1676 2.67767
385 -10.0883 -72.0064 2.67557
386 -45.7719 -71.9384 2.6695
387 -87.415 -71.9784 2.6629
388 -78.104 -71.9942 2.65609
389 -167.447 -72.2396 2.66057
390 -35.1655 -72.1445 2.65544
391 -23.7002 -72.0206 2.65154
392 -80.4127 -72.042 2.64486
393 -75.6134 -72.0511 2.63815
394 -97.8236 -72.1165 2.63226
395 -106.783 -72.2043 2.62706
396 -81.4576 -72.2277 2.62053
397 -86.9021 -72.2646 2.61419
398 -98.337 -72.3301 2.60844
399 32.8203 -72.0666 2.61519
400 -38.3167 -71.9822 2.61001
401 -41.9669 -71.9074 2.60457
402 -102.976 -71.9846 2.59924
403 -169.23 -72.226 2.60397
404 -130.871 -72.3711 2.60156
405 -132.429 -72.5194 2.59936
406 -20.9126 -72.3923 2.59607
407 38.0359 -72.121 2.60383
408 23.163 -71.8874 2.6079
409 25.4756 -71.6494 2.61237
410 3.36813 -71.4664 2.61239
411 -122.417 -71.5904 2.60898
412 -51.1091 -71.5407 2.60312
413 11.8946 -71.3386 2.60464
414 -73.2579 -71.3433 2.59835
415 -129.098 -71.4824 2.59582
416 -99.336 -71.5494 2.59044
417 -105.181 -71.6301 2.58548
418 5.55218 -71.4454 2.58588
419 -95.9561 -71.5039 2.58037
420 -46.8017 -71.4451 2.5749
421 -24.5999 -71.3338 2.57119
422 -92.4586 -71.3839 2.56558
423 -78.1991 -71.4 2.55957
424 -52.1189 -71.3545 2.55393
425 10.3733 -71.1622 2.55515
426 13.8222 -70.9627 2.55693
427 -72.0597 -70.9653 2.55095
428 -89.4817 -71.0086 2.54535
429 -88.7363 -71.0499 2.53975
430 -21.0678 -70.9336 2.53651
431 -122.201 -71.0526 2.53341
432 -52.0909 -71.0087 2.52793
433 -23.4209 -70.8988 2.52447
434 -165.289 -71.1163 2.52801
435 -122.682 -71.2348 2.52498
436 13.7769 -71.0398 2.5267
437 -137.269 -71.1914 2.52546
438 -73.7506 -71.1972 2.5197
439 -29.5751 -71.1024 2.51574
440 28.9761 -70.875 2.52029
441 -71.9728 -70.8775 2.51457
442 -32.6751 -70.791 2.51037
443 -13.0273 -70.6606 2.50809
444 -55.5492 -70.6266 2.50267
445 -75.7646 -70.6382 2.49707
446 -101.088 -70.7064 2.49241
447 -66.2272 -70.6964 2.48685
448 -95.2791 -70.7513 2.48191
449 -53.4794 -70.7128 2.47668
450 -85.7334 -70.7462 2.4714
451 47.1634 -70.4848 2.47971
452 -85.6719 -70.5184 2.47445
453 -122.021 -70.632 2.4716
454 -52.3113 -70.5917 2.46648
455 -97.0115 -70.6498 2.46174
456 -132.211 -70.7848 2.46005
457 -71.4219 -70.7862 2.45466
458 -161.888 -70.9851 2.45735
459 -137.056 -71.129 2.45621
460 -35.8213 -71.0523 2.45207
461 -53.3209 -71.0138 2.44705
462 -91.0864 -71.0572 2.44214
463 -57.2326 -71.0274 2.43705
464 -131.487 -71.1577 2.43528
465 -113.906 -71.2496 2.43177
466 -68.3127 -71.2433 2.42656
467 -48.5434 -71.1947 2.42185
468 -23.4561 -71.0927 2.41883
469 -87.9226 -71.1286 2.41393
470 -155.456 -71.308 2.41546
471 -112.417 -71.3953 2.41191
472 -39.1554 -71.327 2.40776
473 4.20855 -71.1673 2.40796
474 -85.612 -71.1978 2.40307
475 -82.0293 -71.2206 2.39812
476 -9.80215 -71.0915 2.39655
477 85.2852 -70.7637 2.41385
478 -91.2309 -70.8065 2.40918
479 -134.365 -70.9392 2.4078
480 -58.1598 -70.9126 2.40293
481 -104.321 -70.982 2.39894
482 -88.2536 -71.0179 2.39423
483 -128.262 -71.1364 2.3922
484 -91.1602 -71.1778 2.38762
485 -82.3507 -71.2008 2.38281
486 -154.902 -71.373 2.38412
487 -159.983 -71.555 2.38616
488 -122.925 -71.6602 2.38359
489 -101.235 -71.7207 2.37948
490 -31.2186 -71.6381 2.37606
491 -93.0492 -71.6817 2.37162
492 -108.057 -71.7556 2.36795
493 -126.14 -71.8659 2.36572
494 -61.4948 -71.8449 2.36102
495 -72.9451 -71.8471 2.35625
496 26.1094 -71.6496 2.35977
497 -108.771 -71.7243 2.3562
498 -90.507 -71.7621 2.35177
499 -88.3744 -71.7953 2.34729
500 -32.5868 -71.7169 2.34391
501 4.50387 -71.5648 2.34416
502 -72.4611 -71.5666 2.33949
503 -110.393 -71.6438 2.33611
504 -131.358 -71.7622 2.33448
505 -98.7293 -71.8156 2.33047
506 -69.9496 -71.812 2.32587
507 -136.546 -71.9396 2.32478
508 -99.9197 -71.9947 2.32086
509 39.464 -71.7757 2.32661
510 -18.4234 -71.6711 2.32439
511 -49.4939 -71.6277 2.32025
512 -31.0913 -71.5486 2.31707
513 -78.0749 -71.5613 2.31259
514 -72.2551 -71.5626 2.30809
515 -36.2669 -71.4941 2.30462
516 -84.6911 -71.5197 2.3003
517 -39.9996 -71.4587 2.29666
518 -86.7775 -71.4883 2.29241
519 -113.993 -71.5702 2.28946
520 -109.659 -71.6434 2.28623
521 -91.5666 -71.6817 2.28216
522 -105.564 -71.7466 2.27871
523 -161.271 -71.9177 2.28077
524 -85.9577 -71.9445 2.27658
525 -8.21637 -71.8232 2.27548
526 -115.944 -71.907 2.2727
527 -85.7928 -71.9334 2.26854
528 -85.8522 -71.9597 2.26439
529 -42.4923 -71.904 2.2608
530 -100.44 -71.9579 2.25717
531 -88.2804 -71.9886 2.25313
532 -75.8948 -71.996 2.24891
533 -105.983 -72.0597 2.24559
534 -89.6345 -72.0926 2.24163
535 -161.314 -72.2594 2.24363
536 -94.9212 -72.3017 2.23985
537 -103.041 -72.3589 2.23641
538 -150.554 -72.5043 2.23697
539 -133.919 -72.6182 2.23572
540 -88.2575 -72.6472 2.23176
541 -94.508 -72.6876 2.22801
542 -64.5678 -72.6726 2.22395
543 -23.173 -72.5814 2.22172
544 -113.142 -72.656 2.21888
545 -41.5735 -72.599 2.21555
546 -63.2647 -72.5819 2.21155
547 -67.8303 -72.5732 2.20753
548 -73.4322 -72.5748 2.2035
549 -53.6163 -72.5402 2.19976
550 -97.4255 -72.5855 2.19622
551 -25.7973 -72.5006 2.19388
552 21.7113 -72.3299 2.19653
553 -16.277 -72.2285 2.1949
554 -81.0302 -72.2444 2.19099
555 -28.5402 -72.1657 2.18846
556 -31.3576 -72.0923 2.18575
557 25.4508 -71.9171 2.18883
558 -50.6785 -71.8791 2.18524
559 -45.4785 -71.8319 2.18184
560 -58.4757 -71.808 2.17808
561 37.9038 -71.6124 2.18296
562 -54.1347 -71.5813 2.17929
563 -78.0417 -71.5928 2.17545
564 -134.892 -71.705 2.17449
565 -143.094 -71.8314 2.17431
566 -17.6915 -71.7357 2.17257
567 -147.843 -71.87 2.17288
568 -100.455 -71.9203 2.16964
569 -134.196 -72.0297 2.16858
570 -115.862 -72.1066 2.16614
571 -138.901 -72.2236 2.16551
572 -98.7626 -72.27 2.16222
573 -136.971 -72.3829 2.16139
574 -129.021 -72.4816 2.15987
575 -66.2114 -72.4707 2.15615
576 -119.564 -72.5525 2.15395
577 -87.0644 -72.5776 2.15037
578 -151.747 -72.7146 2.151
579 -143.528 -72.8369 2.15076
580 2.66876 -72.7067 2.15099
581 -92.823 -72.7413 2.14757
582 -56.3794 -72.7132 2.14406
583 -57.7932 -72.6876 2.14054
584 -101.851 -72.7376 2.13745
585 -42.8973 -72.6866 2.13441
586 -87.8084 -72.7124 2.13092
587 -103.881 -72.7655 2.12795
588 -45.7701 -72.7195 2.12483
589 -69.4045 -72.7139 2.12123
590 -42.3918 -72.6625 2.11826
591 -79.9883 -72.6749 2.11471
592 -62.2632 -72.6573 2.11121
593 -71.4809 -72.6554 2.10765
594 -99.4399 -72.7004 2.10458
595 89.697 -72.4275 2.11867
596 -39.6407 -72.3725 2.11583
597 -116.802 -72.4469 2.1136
598 36.5792 -72.2646 2.11791
599 4.64009 -72.1362 2.11826
600 -121.268 -72.2181 2.11631
601 -103.107 -72.2695 2.11342
602 -93.5912 -72.3049 2.1102
603 -120.657 -72.3851 2.10823
604 -64.2152 -72.3716 2.10478
605 -33.1474 -72.3067 2.1023
606 25.9653 -72.1446 2.10507
607 -75.8672 -72.1507 2.10161
608 -87.3073 -72.1756 2.09831
609 -118.14 -72.2511 2.09622
610 -1.0826 -72.1344 2.09603
611 -59.3251 -72.1135 2.0927
612 -35.4925 -72.0536 2.09014
613 -13.5706 -71.9582 2.0889
614 -76.9844 -71.9664 2.08552
615 -7.66386 -71.8619 2.08474
616 -35.5086 -71.8028 2.0822
617 -50.7572 -71.7687 2.0791
618 -42.1112 -71.7207 2.07629
619 -39.3149 -71.6684 2.07359
620 -44.8262 -71.6251 2.0707
621 -116.672 -71.6976 2.06864
622 -5.96392 -71.592 2.06801
623 -50.6104 -71.5583 2.06496
624 -114.873 -71.6277 2.06282
625 -89.0135 -71.6555 2.05971
626 -155.706 -71.7898 2.06079
627 -116.519 -71.8611 2.05874
628 -70 -71.8582 2.05546
629 -57.0108 -71.8345 2.05233
630 -73.1786 -71.8367 2.04907
631 -54.8622 -71.8098 2.046
632 -25.8156 -71.737 2.04406
633 -118.126 -71.8103 2.04214
634 -100.206 -71.8551 2.03941
635 -55.5599 -71.8294 2.03636
636 -24.557 -71.7551 2.03452
637 -38.604 -71.703 2.03199
638 -103.427 -71.7528 2.02941
639 -150.839 -71.8765 2.03001
640 -149.394 -71.9977 2.03044
641 -130.884 -72.0895 2.02935
642 -97.748 -72.1295 2.02659
643 -36.5817 -72.0742 2.02419
644 -151.865 -72.1981 2.02483
645 -107.993 -72.2536 2.02246
646 -85.6391 -72.2743 2.01943
647 -33.5862 -72.2145 2.01719
648 -112.936 -72.2774 2.01506
649 -87.3006 -72.3005 2.01209
650 -17.8952 -72.2168 2.01073
651 -86.9537 -72.2395 2.00777
652 -74.4833 -72.2429 2.0047
653 -50.1223 -72.209 2.00191
654 -74.1867 -72.212 1.99885
655 -68.9223 -72.207 1.99581
656 -90.0045 -72.2341 1.99295
657 -100.588 -72.2773 1.99038
658 -29.9002 -72.2129 1.9884
659 -115.976 -72.2793 1.98649
660 -141.716 -72.3845 1.98627
661 -159.954 -72.517 1.98767
662 -118.909 -72.5871 1.98591
663 -112.286 -72.647 1.98381
664 -77.0636 -72.6536 1.98084
665 -50.5078 -72.6203 1.97814
666 6.11868 -72.5021 1.9787
667 8.97843 -72.3799 1.9795
668 -92.3205 -72.4098 1.97676
669 -48.8413 -72.3745 1.97412
670 -91.4451 -72.403 1.97138
671 9.46054 -72.281 1.97221
672 -52.8278 -72.2521 1.96949
673 -23.797 -72.1801 1.96788
674 -41.166 -72.134 1.9655
675 -70.4357 -72.1315 1.96259
676 -70.2517 -72.1287 1.95968
677 -9.70806 -72.0365 1.95896
678 -45.0628 -71.9968 1.95647
679 -106.078 -72.0469 1.95424
680 -167.993 -72.188 1.95645
681 -55.3004 -72.1632 1.95373
682 -163.997 -72.2979 1.9555
683 -92.7885 -72.3279 1.95287
684 -93.6548 -72.3591 1.95026
685 -79.7222 -72.3698 1.94745
686 -150.095 -72.4831 1.9479
687 -110.793 -72.5389 1.94586
688 -64.305 -72.5269 1.94307
689 -142.713 -72.6288 1.94292
690 -128.145 -72.7093 1.94177
691 -176.579 -72.8596 1.94477
692 -115.918 -72.9218 1.94295
693 -124.898 -72.9968 1.9416
694 -61.6412 -72.9804 1.93887
695 -90.1035 -73.0051 1.93623
696 -72.8194 -73.0048 1.93345
697 -132.76 -73.0905 1.93258
698 -142.722 -73.1903 1.93238
699 -102.701 -73.2325 1.93008
700 31.6145 -73.0827 1.93313
701 -65.1458 -73.0714 1.9304
702 -17.8036 -72.9927 1.92926
703 -71.5123 -72.9906 1.92651
704 -21.7949 -72.9179 1.92515
705 -96.2641 -72.951 1.9227
706 -101.25 -72.9911 1.9204
707 -0.21967 -72.8881 1.92044
708 8.09144 -72.7737 1.92113
709 -48.1881 -72.7391 1.91873
710 31.6683 -72.592 1.92165
711 13.9037 -72.4704 1.9228
712 39.2115 -72.3135 1.92649
713 -104.385 -72.3585 1.92431
714 -148.027 -72.4645 1.92453
715 2.21723 -72.36 1.92467
716 -3.6585 -72.2641 1.92437
717 -64.5167 -72.2533 1.92172
718 -68.5669 -72.2481 1.91905
719 -8.79714 -72.1599 1.91841
720 21.6345 -72.0296 1.92016
721 -15.9533 -71.9518 1.91907
722 -113.571 -72.0095 1.91728
723 -108.526 -72.06 1.91529
724 -29.0347 -72.0006 1.91357
725 -148.904 -72.1066 1.91387
726 -11.9311 -72.0237 1.91303
727 -36.6944 -71.9751 1.91101
728 -4.89922 -71.883 1.91061
729 -106.265 -71.9302 1.90857
730 -93.3317 -71.9595 1.90618
731 -44.3828 -71.9218 1.90394
732 -73.9714 -71.9246 1.90135
733 -69.5433 -71.9213 1.89875
734 -125.623 -71.9945 1.89758
735 -119.831 -72.0596 1.89611
736 -107.61 -72.1079 1.89415
737 -99.5986 -72.1452 1.89195
738 -63.5483 -72.1335 1.88942
739 -62.3423 -72.1203 1.88691
740 -155.598 -72.2331 1.88773
741 -77.1454 -72.2397 1.88519
742 -17.2786 -72.1656 1.88411
743 -68.1944 -72.1603 1.88158
744 -26.1233 -72.0984 1.88007
745 -57.8629 -72.0793 1.87764
746 -33.6361 -72.0278 1.87583
747 -50.5958 -71.9991 1.87354
748 32.1352 -71.8599 1.8762
749 -1.1532 -71.7655 1.87607
750 -39.4024 -71.7223 1.87406
751 -142.757 -71.8169 1.87395
752 -34.0036 -71.7666 1.87213
753 28.9722 -71.6328 1.87442
754 -119.583 -71.6964 1.87301
755 -5.07406 -71.6082 1.87261
756 -16.9573 -71.5359 1.87153
757 -56.4279 -71.5159 1.86916
758 -100.171 -71.5537 1.86708
759 -69.5126 -71.551 1.86462
760 -29.835 -71.4962 1.86298
761 -37.1082 -71.451 1.86108
762 -32.1873 -71.3994 1.85935
763 4.21306 -71.3003 1.85955
764 -8.36421 -71.218 1.85894
765 -41.5109 -71.1791 1.85691
766 -30.5572 -71.1261 1.85525
767 -93.5318 -71.1553 1.85306
768 -71.1458 -71.1553 1.85065
769 -82.5755 -71.1702 1.8483
770 -131.046 -71.2479 1.84753
771 -86.9336 -71.2683 1.84525
772 -38.3984 -71.2257 1.84335
773 -67.412 -71.2207 1.84097
774 -92.7162 -71.2485 1.8388
775 62.5748 -71.0758 1.84452
776 -71.9558 -71.077 1.84214
777 -126.241 -71.148 1.84114
778 36.8004 -71.0092 1.84399
779 31.5693 -70.8775 1.84632
780 -0.802088 -70.7877 1.84614
781 -82.0606 -70.8021 1.84383
782 -94.2834 -70.8322 1.84172
783 -36.369 -70.7882 1.83989
784 2.49893 -70.6947 1.83992
785 -98.7626 -70.7304 1.83792
786 17.1107 -70.6187 1.83898
787 -85.7529 -70.6379 1.83674
788 4.39915 -70.5427 1.83688
789 21.9595 -70.4254 1.83829
790 73.504 -70.2432 1.84497
791 -108.585 -70.2917 1.84327
792 -80.6621 -70.3048 1.84099
793 -53.6109 -70.2838 1.83879
794 -20.9281 -70.2216 1.83752
795 -112.894 -70.2753 1.836
796 -76.6289 -70.2833 1.83371
797 -91.0072 -70.3093 1.83159
798 -52.5787 -70.287 1.82943
799 -54.8357 -70.2677 1.82724
800 -82.8418 -70.2834 1.82503
801 -103.931 -70.3254 1.82323
802 -74.9234 -70.3312 1.82097
803 -77.0159 -70.3395 1.81872
804 -110.608 -70.3896 1.81715
805 -119.482 -70.4506 1.81591
806 -153.427 -70.5535 1.81657
807 -132.907 -70.6308 1.81597
808 -97.4614 -70.664 1.81402
809 -98.1283 -70.6979 1.8121
810 -88.693 -70.7201 1.81
811 -95.7005 -70.7509 1.80803
812 -182.459 -70.8885 1.81103
813 -17.2112 -70.8225 1.81
814 -83.4774 -70.838 1.80785
815 -83.8413 -70.854 1.8057
816 -55.4094 -70.8351 1.80358
817 -72.8181 -70.8375 1.80138
818 -133.219 -70.9138 1.80079
819 -139.905 -70.998 1.80056
820 -145.425 -71.0888 1.80065
821 -117.013 -71.1447 1.79933
822 -97.1894 -71.1764 1.79742
823 -105.397 -71.218 1.79571
824 -52.0162 -71.1947 1.79368
825 -57.197 -71.1777 1.79159
826 -74.4042 -71.1816 1.78943
827 -82.7996 -71.1956 1.78732
828 -13.8005 -71.1263 1.7865
829 -103.066 -71.1649 1.78476
830 -147.297 -71.2566 1.78497
831 -88.3654 -71.2772 1.78294
832 -48.9129 -71.2503 1.781
833 -85.6341 -71.2676 1.77894
834 -27.8149 -71.2155 1.77757
835 -68.0861 -71.2117 1.77545
836 -77.5364 -71.2193 1.77334
837 -37.8517 -71.1794 1.77167
838 -104.391 -71.219 1.77
839 -90.3515 -71.2418 1.76804
840 -151.322 -71.3372 1.7685
841 -137.657 -71.416 1.76815
842 -101.116 -71.4513 1.76641
843 -104.023 -71.4899 1.76473
844 -27.7629 -71.4381 1.7634
845 -122.761 -71.4989 1.76236
846 -159.348 -71.6027 1.76334
847 -95.4114 -71.6308 1.76148
848 -41.3547 -71.5951 1.75976
849 -54.4454 -71.5749 1.75781
850 -47.2426 -71.5463 1.75597
851 -15.9625 -71.481 1.75512
852 -85.9558 -71.498 1.75314
853 -81.6647 -71.5099 1.75113
854 -80.4691 -71.5204 1.74911
855 -98.2256 -71.5516 1.74734
856 -126.213 -71.6155 1.74647
857 -133.467 -71.6876 1.74592
858 -104.961 -71.7264 1.74432
859 -151.97 -71.8198 1.74479
860 -51.0025 -71.7956 1.74292
861 -63.0827 -71.7855 1.74093
862 -163.253 -71.8916 1.74214
863 -37.8247 -71.8521 1.74057
864 -83.8683 -71.8661 1.73861
865 -93.094 -71.8906 1.73677
866 -97.0777 -71.9197 1.73501
867 -25.5988 -71.8663 1.73383
868 -99.6653 -71.8983 1.73213
869 -131.311 -71.9666 1.73149
870 -103.096 -72.0024 1.72987
871 -113.115 -72.0496 1.72852
872 -110.485 -72.0937 1.7271
873 -119.423 -72.1479 1.72598
874 -81.0828 -72.1581 1.72403
875 -75.0009 -72.1614 1.72206
876 -133.587 -72.2315 1.72152
877 -85.3823 -72.2465 1.71963
878 -88.222 -72.2647 1.71776
879 -64.767 -72.2562 1.71583
880 -88.6249 -72.2748 1.71398
881 -114.943 -72.3232 1.71272
882 -131.625 -72.3904 1.7121
883 -67.4954 -72.3849 1.71017
884 24.5101 -72.2753 1.71174
885 -85.9069 -72.2907 1.70988
886 -72.6361 -72.2911 1.70795
887 -47.3252 -72.2629 1.70625
888 -16.9253 -72.2006 1.70547
889 -31.5784 -72.1549 1.70416
890 -145.528 -72.2374 1.70424
891 20.2471 -72.1336 1.70549
892 -121.617 -72.189 1.70448
893 -77.4362 -72.1949 1.70258
894 -128.828 -72.2583 1.70185
895 -64.2655 -72.2493 1.69998
896 -116.897 -72.2992 1.69881
897 -91.2654 -72.3203 1.69705
898 -53.8729 -72.2998 1.69528
899 -35.0188 -72.2583 1.6939
900 -149.499 -72.3441 1.69419
901 -17.6824 -72.2835 1.6934
902 -132.557 -72.3503 1.69284
903 -86.4992 -72.3659 1.69104
904 -89.265 -72.3846 1.68927
905 -96.7076 -72.4115 1.68762
906 -122.683 -72.467 1.68667
907 -46.7223 -72.4386 1.68504
908 -32.3568 -72.3945 1.68377
909 -41.37 -72.3603 1.68226
910 -102.897 -72.3939 1.68075
911 12.1562 -72.3011 1.68146
912 -146.605 -72.3826 1.68159
913 -129.294 -72.4449 1.6809
914 -92.8551 -72.4672 1.67921
915 -109.905 -72.5081 1.67788
916 -90.2465 -72.5275 1.67616
917 -56.6725 -72.5102 1.67442
918 -62.5655 -72.4994 1.67263
919 -10.9739 -72.4324 1.67215
920 -41.6221 -72.3989 1.67067
921 -93.9385 -72.4223 1.66902
922 -74.7976 -72.4249 1.66721
923 -58.6196 -72.41 1.66547
924 -33.1447 -72.3675 1.66421
925 -104.414 -72.4021 1.66277
926 -75.5404 -72.4055 1.66098
927 -58.2044 -72.3902 1.65926
928 -96.5022 -72.4162 1.65767
929 2.84494 -72.3351 1.65787
930 -72.4724 -72.3353 1.65608
931 -94.6931 -72.3593 1.65448
932 5.71542 -72.2755 1.65482
933 -77.5715 -72.2812 1.65306
934 -42.0145 -72.2488 1.65161
935 -113.814 -72.2933 1.65044
936 -111.978 -72.3357 1.64922
937 -77.1506 -72.3408 1.64747
938 -73.3027 -72.3418 1.64571
939 -88.3457 -72.3589 1.64405
940 -3.4873 -72.2856 1.64393
941 5.22865 -72.2032 1.64424
942 -33.0311 -72.1616 1.64303
943 -41.3164 -72.1289 1.64161
944 -59.5901 -72.1156 1.63992
945 -34.5779 -72.0759 1.63867
946 -20.4388 -72.0213 1.63785
947 -5.58899 -71.9512 1.63762
948 -49.7835 -71.9278 1.63606
949 -63.6042 -71.919 1.63436
950 30.4465 -71.8113 1.63618
951 -28.8445 -71.7661 1.63509
952 -25.0082 -71.717 1.63411
953 -133.016 -71.7813 1.63366
954 -37.333 -71.7452 1.63234
955 -105.041 -71.7801 1.63101
956 -107.655 -71.8176 1.62973
957 -137.347 -71.8861 1.62947
958 -148.783 -71.9663 1.62974
959 -131.912 -72.0288 1.62924
960 -119.947 -72.0788 1.62831
961 -63.2931 -72.0696 1.62664
962 -106.081 -72.105 1.62533
963 -19.1952 -72.05 1.62457
964 -2.38002 -71.9778 1.6245
965 -59.8363 -71.9652 1.62286
966 -123.487 -72.0185 1.62206
967 -97.1635 -72.0445 1.62059
968 -80.2151 -72.0529 1.61894
969 -150.272 -72.1337 1.61928
970 -116.184 -72.1791 1.61824
971 -116.666 -72.2249 1.61723
972 -87.6728 -72.2408 1.61564
973 -39.5589 -72.2072 1.61433
974 -115.061 -72.2512 1.61327
975 -114.692 -72.2947 1.6122
976 -86.832 -72.3096 1.61062
977 11.6573 -72.2237 1.61126
978 -63.9973 -72.2153 1.60964
979 -119.412 -72.2635 1.60872
980 -105.833 -72.2977 1.60744
981 -57.5947 -72.2827 1.60587
982 -54.5398 -72.2647 1.60434
983 -38.9718 -72.2308 1.60306
984 -82.6665 -72.2414 1.60147
985 5.07839 -72.1629 1.60176
986 -37.3699 -72.1276 1.60053
987 -85.7891 -72.1415 1.59897
988 -32.761 -72.1016 1.59784
989 -77.9102 -72.1075 1.59624
990 -82.4591 -72.1179 1.59466
991 -77.181 -72.1231 1.59306
992 -79.8107 -72.1308 1.59147
993 -103.532 -72.1624 1.59019
994 -32.224 -72.1222 1.58909
995 -66.7747 -72.1169 1.58751
996 -89.6498 -72.1345 1.58601
997 -164.318 -72.2269 1.58711
998 -18.3658 -72.173 1.58644
999 34.1647 -72.0665 1.58842
1000 -16.9765 -72.0114 1.58778
1001 -128.257 -72.0676 1.58719
1002 -33.0995 -72.0287 1.58608
1003 -27.3602 -71.9842 1.58513
1004 -102.054 -72.0141 1.58383
1005 46.1032 -71.8966 1.58661
1006 -104.101 -71.9286 1.58536
1007 -78.823 -71.9355 1.5838
1008 -114.865 -71.9781 1.5828
1009 -89.0912 -71.995 1.58132
1010 -99.9488 -72.0227 1.58
1011 -133.32 -72.0833 1.5796
1012 -119.221 -72.1299 1.57872
1013 -158.781 -72.2154 1.57948
1014 -11.8677 -72.1559 1.57904
1015 -44.2397 -72.1284 1.57773
1016 -37.6659 -72.0945 1.57654
1017 -47.0802 -72.0699 1.57518
1018 -60.5337 -72.0586 1.57367
1019 -48.944 -72.0359 1.57229
1020 -33.8998 -71.9985 1.5712
1021 -147.729 -72.0727 1.57141
1022 -141.796 -72.1409 1.57135
1023 -72.7096 -72.1415 1.56981
1024 -21.5113 -72.092 1.56906
1025 -93.03 -72.1124 1.56766
1026 -66.6419 -72.1071 1.56614
1027 13.874 -72.0234 1.56685
1028 -63.9528 -72.0155 1.56535
1029 -65.1591 -72.0089 1.56384
1030 -87.8325 -72.0242 1.5624
1031 -53.1185 -72.0059 1.56099
1032 -83.4838 -72.017 1.55952
1033 -90.7399 -72.0351 1.55811
1034 -75.4495 -72.0385 1.55661
1035 -40.4294 -72.0079 1.55541
1036 -27.7349 -71.9652 1.55449
1037 -29.6195 -71.9243 1.55353
1038 46.9129 -71.8099 1.55624
1039 -73.6624 -71.8116 1.55475
1040 -0.430622 -71.743 1.55477
1041 1.12938 -71.673 1.55485
1042 -58.8334 -71.6607 1.55341
1043 -78.1465 -71.6669 1.55193
1044 -103.282 -71.6972 1.55074
1045 -62.5277 -71.6884 1.54928
1046 -91.0292 -71.7069 1.54791
1047 -127.09 -71.7598 1.54733
1048 -35.7756 -71.7255 1.54624
1049 -9.51431 -71.6662 1.5459
1050 -54.8877 -71.6502 1.54451
1051 -112.682 -71.6892 1.54353
1052 -63.0852 -71.681 1.54209
1053 -35.1447 -71.6463 1.54101
1054 -12.4197 -71.5901 1.54058
1055 -94.1989 -71.6116 1.53926
1056 -95.519 -71.6342 1.53797
1057 -66.5517 -71.6294 1.53653
1058 -132.315 -71.6868 1.53614
1059 -143.333 -71.7544 1.53618
1060 -83.334 -71.7653 1.53477
1061 -80.2049 -71.7733 1.53335
1062 -117.135 -71.816 1.5325
1063 2.85399 -71.7458 1.53266
1064 -30.8814 -71.7074 1.53171
1065 -80.5233 -71.7156 1.53029
1066 -149.377 -71.7885 1.53059
1067 -162.261 -71.8733 1.5315
1068 -92.8531 -71.8929 1.53019
1069 -93.0755 -71.9127 1.52889
1070 -82.4141 -71.9226 1.52749
1071 -82.5409 -71.9325 1.5261
1072 -122.193 -71.9794 1.52539
1073 -55.842 -71.9643 1.52405
1074 -11.9578 -71.9084 1.52365
1075 -102.172 -71.9366 1.52249
1076 -102.059 -71.9646 1.52134
1077 -96.9633 -71.9878 1.5201
1078 -63.8114 -71.9802 1.51871
1079 -22.0249 -71.9339 1.51801
1080 -43.4496 -71.9075 1.51683
1081 -38.7822 -71.8769 1.51574
1082 -112.513 -71.9145 1.5148
1083 -25.668 -71.8718 1.514
1084 -41.8564 -71.8441 1.51286
1085 -153.831 -71.9196 1.51335
1086 -110.792 -71.9554 1.51238
1087 5.32219 -71.8843 1.51266
1088 3.95766 -71.8146 1.51288
1089 -20.8573 -71.7678 1.51221
1090 37.5624 -71.6675 1.51415
1091 -65.524 -71.6619 1.51277
1092 -74.8487 -71.6648 1.51139
1093 -62.937 -71.6568 1.51002
1094 -65.1318 -71.6509 1.50866
1095 -72.5987 -71.6517 1.50728
1096 12.0181 -71.5754 1.50783
1097 -72.6439 -71.5764 1.50646
1098 -81.3407 -71.5853 1.50511
1099 -139.856 -71.6474 1.50503
1100 -59.551 -71.6364 1.5037
1101 36.518 -71.5381 1.50554
1102 69.966 -71.4097 1.50964
1103 43.8257 -71.3053 1.51188
1104 -108.965 -71.3394 1.5109
1105 -65.1677 -71.3338 1.50954
1106 -118.194 -71.3762 1.50877
1107 -118.227 -71.4185 1.508
1108 -47.9706 -71.3973 1.50679
1109 -36.7702 -71.3661 1.50575
1110 -73.4882 -71.368 1.5044
1111 -89.8149 -71.3846 1.50313
1112 -3.46056 -71.3235 1.50302
1113 -114.465 -71.3623 1.50217
1114 -128.331 -71.4134 1.50169
1115 -144.792 -71.4792 1.50179
1116 -83.127 -71.4897 1.50048
1117 -63.3804 -71.4824 1.49915
1118 -65.5324 -71.4771 1.49782
1119 -82.8536 -71.4873 1.49652
1120 -113.13 -71.5244 1.49564
1121 -161.382 -71.6046 1.49645
1122 -60.7835 -71.595 1.49515
1123 -117.067 -71.6355 1.49437
1124 -62.5872 -71.6274 1.49306
1125 -78.1116 -71.6332 1.49175
1126 -82.1012 -71.6425 1.49045
1127 -169.992 -71.7297 1.49168
1128 -135.177 -71.786 1.49142
1129 -45.3467 -71.7626 1.49028
1130 -53.0508 -71.746 1.48905
1131 94.9302 -71.5986 1.49501
1132 -51.2232 -71.5806 1.4938
1133 -112.538 -71.6168 1.49292
1134 -27.611 -71.578 1.49211
1135 -83.1051 -71.5881 1.49083
1136 -119.49 -71.6303 1.49011
1137 -123.392 -71.6758 1.48949
1138 -199.07 -71.7878 1.49239
1139 -54.7493 -71.7728 1.49115
1140 1.16612 -71.7088 1.49121
1141 -78.8993 -71.7151 1.48992
1142 -45.3868 -71.6921 1.48879
1143 -142.884 -71.7544 1.48879
1144 -116.938 -71.7939 1.48802
1145 -10.8225 -71.7406 1.48767
1146 -122.674 -71.785 1.48704
1147 -20.5731 -71.7404 1.48641
1148 -18.3952 -71.6939 1.48584
1149 -40.4552 -71.6667 1.4848
1150 0.201459 -71.6043 1.48482
1151 -9.7525 -71.5505 1.4845
1152 -58.724 -71.5394 1.48325
1153 -91.8859 -71.557 1.48207
1154 -102.918 -71.5842 1.48104
1155 -89.4301 -71.5997 1.47984
1156 -64.7306 -71.5937 1.47857
1157 2.6035 -71.5296 1.47868
1158 55.6756 -71.4197 1.48148
1159 -9.94622 -71.3667 1.48115
1160 -77.1938 -71.3717 1.47988
1161 -83.1953 -71.3819 1.47864
1162 -102.121 -71.4084 1.47761
1163 -81.3888 -71.4169 1.47636
1164 -126.55 -71.4643 1.47585
1165 -127.545 -71.5124 1.47537
1166 -89.1534 -71.5276 1.47418
1167 -124.219 -71.5727 1.47361
1168 -53.6527 -71.5574 1.47243
1169 -128.676 -71.6062 1.47198
1170 10.3853 -71.5362 1.47239
1171 -95.724 -71.5568 1.47127
1172 -32.9715 -71.5239 1.47039
1173 -59.7397 -71.5138 1.46917
1174 -127.465 -71.5615 1.46869
1175 -77.7429 -71.5668 1.46745
1176 -128.135 -71.6149 1.46699
1177 -120.608 -71.6565 1.46633
1178 -126.45 -71.703 1.46583
1179 -124.147 -71.7475 1.46526
1180 -113.465 -71.7828 1.46444
1181 -119.083 -71.8229 1.46375
1182 -97.5828 -71.8447 1.46267
1183 23.1291 -71.7644 1.46364
1184 -1.96879 -71.7055 1.46359
1185 -110.227 -71.738 1.46272
1186 -7.22639 -71.6836 1.46249
1187 -147.097 -71.7471 1.46264
1188 -112.021 -71.781 1.4618
1189 -82.3062 -71.7899 1.4606
1190 66.7895 -71.6734 1.46401
1191 -88.2201 -71.6873 1.46284
1192 -24.3464 -71.6476 1.46216
1193 -126.333 -71.6934 1.46165
1194 -65.7654 -71.6885 1.46043
1195 29.0676 -71.6041 1.46164
1196 -41.5668 -71.579 1.46064
1197 -86.8582 -71.5918 1.45947
1198 -103.223 -71.6182 1.45849
1199 16.6404 -71.5446 1.45913
1200 -128.225 -71.5918 1.45868
1201 -151.536 -71.6584 1.45898
1202 -153.586 -71.7265 1.45936
1203 -130.435 -71.7753 1.45896
1204 -128.52 -71.8225 1.45851
1205 -108.279 -71.8527 1.45762
1206 -79.849 -71.8594 1.45642
1207 -18.784 -71.8154 1.45588
1208 4.13979 -71.7525 1.45603
1209 -46.429 -71.7316 1.45498
1210 -55.0642 -71.7178 1.45384
1211 -116.417 -71.7547 1.45311
1212 -70.1594 -71.7534 1.45191
1213 8.60811 -71.6871 1.45222
1214 -79.369 -71.6935 1.45104
1215 -104.199 -71.7202 1.45009
1216 -164.413 -71.7964 1.4509
1217 -112.566 -71.8299 1.4501
1218 -49.6614 -71.8117 1.44902
1219 -70.0706 -71.8103 1.44783
1220 -51.0998 -71.7933 1.44675
1221 -17.9223 -71.7492 1.44623
1222 -171.14 -71.8305 1.44734
1223 -92.586 -71.8475 1.44625
1224 -35.9195 -71.8182 1.44537
1225 -0.718919 -71.7601 1.44535
1226 -113.068 -71.7938 1.44457
1227 -81.2504 -71.8015 1.44341
1228 -137.111 -71.8547 1.44321
1229 -17.4341 -71.8104 1.44272
1230 -26.8093 -71.7738 1.44201
1231 -12.2638 -71.7255 1.44165
1232 -80.0685 -71.7323 1.4405
1233 -81.108 -71.7399 1.43935
1234 -57.4754 -71.7283 1.43823
1235 -105.57 -71.7557 1.43732
1236 -140.502 -71.8113 1.43724
1237 -96.7451 -71.8315 1.43622
1238 -47.4182 -71.8118 1.43519
1239 -75.1807 -71.8145 1.43404
1240 -108.563 -71.8441 1.43318
1241 -83.3363 -71.8534 1.43206
1242 -116.284 -71.8892 1.43135
1243 -116.788 -71.9253 1.43066
1244 -75.6581 -71.9283 1.42951
1245 -84.6205 -71.9385 1.4284
1246 -67.1189 -71.9346 1.42726
1247 -75.0219 -71.9371 1.42612
1248 20.3094 -71.8632 1.42689
1249 42.5737 -71.7716 1.42868
1250 -116.978 -71.8077 1.428
1251 -18.9352 -71.7655 1.42748
1252 -103.172 -71.7905 1.42656
1253 -52.0196 -71.7748 1.42551
1254 -63.1814 -71.7679 1.42439
1255 -38.6175 -71.7415 1.4235
1256 -22.0067 -71.7019 1.42292
1257 -92.3791 -71.7183 1.42188
1258 -55.1415 -71.7052 1.42081
1259 -31.5607 -71.6733 1.42004
1260 -117.352 -71.7095 1.41938
1261 -12.7461 -71.6628 1.41902
1262 -76.4896 -71.6666 1.4179
1263 -30.4698 -71.634 1.41715
1264 -58.6114 -71.6237 1.41607
1265 -82.6661 -71.6324 1.41498
1266 -133.788 -71.6815 1.41471
1267 -145.916 -71.7401 1.41481
1268 -138.733 -71.7929 1.41468
1269 -20.2524 -71.7523 1.41415
1270 -68.6872 -71.7499 1.41303
1271 -11.3185 -71.7024 1.41272
1272 -19.2212 -71.6611 1.41221
1273 24.7644 -71.5853 1.41314
1274 -11.5894 -71.5383 1.41281
1275 -58.6812 -71.5282 1.41174
1276 -91.3651 -71.5437 1.41072
1277 -100.795 -71.5666 1.4098
1278 -115.055 -71.6007 1.40911
1279 -89.3826 -71.6146 1.40807
1280 -116.169 -71.6494 1.4074
1281 -92.6356 -71.6657 1.4064
1282 -102.933 -71.6901 1.40551
1283 -124.849 -71.7316 1.40503
1284 -107.672 -71.7596 1.40421
1285 -64.5678 -71.754 1.40313
1286 -81.1308 -71.7613 1.40206
1287 -104.812 -71.7869 1.40121
1288 -93.6274 -71.8039 1.40022
1289 -105.503 -71.83 1.39938
1290 -115.252 -71.8637 1.3987
1291 -81.1074 -71.8709 1.39763
1292 -22.5528 -71.8327 1.39707
1293 -33.3449 -71.8029 1.39631
1294 -101.86 -71.8261 1.39542
1295 -65.4003 -71.8212 1.39435
1296 -58.8989 -71.8112 1.39331
1297 -52.8345 -71.7966 1.39232
1298 -54.7522 -71.7834 1.39131
1299 -58.0693 -71.7729 1.39028
1300 -32.8486 -71.7429 1.38953
1301 -56.6439 -71.7313 1.38851
1302 -48.097 -71.7132 1.38756
1303 -40.5939 -71.6893 1.3867
1304 -58.2566 -71.679 1.38568
1305 -49.4861 -71.662 1.38472
1306 -96.7191 -71.6812 1.38379
1307 -118.003 -71.7166 1.38319
1308 -88.4195 -71.7294 1.38219
1309 -59.6744 -71.7202 1.38116
1310 -60.68 -71.7118 1.38013
1311 -85.8942 -71.7226 1.37912
1312 -147.865 -71.7806 1.37929
1313 -19.8096 -71.741 1.37881
1314 -76.7528 -71.7448 1.37777
1315 -76.8677 -71.7487 1.37672
1316 -99.2348 -71.7696 1.37584
1317 -57.0479 -71.7584 1.37484
1318 -37.0289 -71.7321 1.37405
1319 -19.075 -71.6922 1.37358
1320 -139.005 -71.7432 1.37349
1321 -123.544 -71.7824 1.37301
1322 -73.7985 -71.7839 1.37197
1323 -105.662 -71.8095 1.37117
1324 -15.2479 -71.7668 1.3708
1325 -30.9869 -71.736 1.37011
1326 -154.827 -71.7987 1.37051
1327 -126.71 -71.8401 1.37011
1328 -137.315 -71.8894 1.36996
1329 -147.455 -71.9462 1.37011
1330 -163.574 -72.0151 1.37081
1331 -109.5 -72.0433 1.37007
1332 -114.249 -72.075 1.36941
1333 -62.6877 -72.0679 1.3684
1334 -25.8811 -72.0333 1.36781
1335 -139.942 -72.0842 1.36773
1336 -128.021 -72.126 1.36735
1337 -100.584 -72.1473 1.36649
1338 -100.186 -72.1683 1.36563
1339 -105.715 -72.1933 1.36484
1340 -53.5032 -72.1794 1.36389
1341 -94.5262 -72.196 1.36298
1342 -26.3104 -72.1619 1.36239
1343 -91.7801 -72.1765 1.36145
1344 -125.013 -72.2158 1.36101
1345 -148.029 -72.2721 1.36116
1346 -85.3858 -72.2819 1.36019
1347 -121.96 -72.3188 1.35968
1348 -95.3672 -72.3359 1.35878
1349 -107.426 -72.3619 1.35802
1350 -95.7181 -72.3792 1.35712
1351 -84.6971 -72.3883 1.35615
1352 -65.1291 -72.3829 1.35516
1353 -44.5822 -72.3624 1.35431
1354 -34.2701 -72.3342 1.3536
1355 -51.5922 -72.3189 1.35269
1356 -108.997 -72.346 1.35196
1357 -129.219 -72.3879 1.35162
1358 -62.9162 -72.3809 1.35064
1359 -63.9593 -72.3747 1.34966
1360 -108.58 -72.4013 1.34893
1361 -97.6283 -72.4199 1.34807
1362 -93.7174 -72.4355 1.34717
1363 -30.5147 -72.4048 1.34653
1364 -25.3218 -72.3702 1.34598
1365 34.4593 -72.292 1.34727
1366 -75.947 -72.2947 1.34629
1367 -90.4819 -72.308 1.34537
1368 -130.167 -72.3503 1.34505
1369 -145.897 -72.404 1.34514
1370 -108.668 -72.4305 1.34442
1371 -111.01 -72.4586 1.34373
1372 -78.5057 -72.463 1.34276
1373 -96.7051 -72.4807 1.3419
1374 -134.966 -72.5261 1.34169
1375 -78.4781 -72.5305 1.34072
1376 97.7697 -72.4067 1.34545
1377 -86.9461 -72.4173 1.34451
1378 -104.569 -72.4406 1.34374
1379 -105.105 -72.4643 1.34297
1380 -95.1067 -72.4807 1.3421
1381 -86.3384 -72.4907 1.34117
1382 -48.7516 -72.4735 1.34031
1383 -131.302 -72.5161 1.34001
1384 -108.351 -72.542 1.33929
1385 -86.9295 -72.5524 1.33837
1386 -128.128 -72.5925 1.338
1387 -141.72 -72.6423 1.33797
1388 -173.698 -72.7151 1.33898
1389 -145.456 -72.7675 1.33904
1390 -138.93 -72.8151 1.33892
1391 -104.485 -72.8378 1.33815
1392 -111.167 -72.8654 1.33748
1393 -21.4923 -72.8285 1.33702
1394 -86.7105 -72.8385 1.3361
1395 -119.577 -72.872 1.33557
1396 -107.992 -72.8971 1.33485
1397 -113.075 -72.9259 1.3342
1398 -113.694 -72.955 1.33356
1399 -119.081 -72.988 1.33302
1400 -104.875 -73.0108 1.33226
1401 -77.1399 -73.0137 1.33131
1402 -81.8401 -73.02 1.33038
1403 -44.7001 -72.9998 1.32958
1404 20.5951 -72.9332 1.33031
1405 -52.7071 -72.9188 1.32944
1406 -26.8539 -72.886 1.3289
1407 -52.0657 -72.8712 1.32803
1408 -42.0359 -72.8493 1.32727
1409 -102.971 -72.8707 1.3265
1410 -83.5468 -72.8783 1.32558
1411 -29.5698 -72.8476 1.325
1412 -54.7486 -72.8348 1.32412
1413 -92.0873 -72.8484 1.32325
1414 -52.035 -72.8337 1.3224
1415 -94.6217 -72.8491 1.32156
1416 -104.147 -72.8712 1.32081
1417 -100.378 -72.8906 1.32002
1418 -140.541 -72.9383 1.31995
1419 -36.0913 -72.9123 1.31927
1420 30.6749 -72.8394 1.32036
1421 -91.9882 -72.8528 1.3195
1422 -109.793 -72.8788 1.31883
1423 -96.0189 -72.8951 1.318
1424 -104.277 -72.9171 1.31726
1425 -47.1681 -72.8991 1.31646
1426 -56.8705 -72.8878 1.31558
1427 -83.532 -72.8953 1.31468
1428 -59.2429 -72.8857 1.3138
1429 -60.775 -72.8772 1.3129
1430 -108.782 -72.9023 1.31223
1431 -83.8816 -72.91 1.31133
1432 -89.0788 -72.9213 1.31047
1433 -49.1024 -72.9047 1.30966
1434 9.02106 -72.8476 1.30999
1435 48.3715 -72.7631 1.3118
1436 24.62 -72.6953 1.31263
1437 -5.33285 -72.6484 1.31256
1438 -81.3816 -72.6545 1.31166
1439 -126.502 -72.6919 1.31128
1440 -69.6848 -72.6898 1.31037
1441 -106.27 -72.7131 1.30967
1442 14.2418 -72.6528 1.31015
1443 9.79084 -72.5957 1.31049
1444 -89.0277 -72.607 1.30963
1445 -28.9925 -72.5769 1.30907
1446 -121.346 -72.6106 1.3086
1447 -113.254 -72.6387 1.308
1448 -26.4307 -72.6068 1.30748
1449 -137.317 -72.6514 1.30734
1450 -102.854 -72.6723 1.30661
1451 -135.471 -72.7155 1.30642
1452 -128.872 -72.7542 1.30609
1453 -91.0609 -72.7668 1.30526
1454 -81.3702 -72.7727 1.30437
1455 -63.078 -72.7661 1.30349
1456 -26.4443 -72.7342 1.30299
1457 -90.1236 -72.7462 1.30215
1458 -106.824 -72.7696 1.30146
1459 -102.593 -72.79 1.30073
1460 -123.749 -72.8249 1.30031
1461 5.4554 -72.7713 1.30052
1462 -4.91982 -72.7249 1.30046
1463 -70.6155 -72.7235 1.29957
1464 15.9452 -72.6629 1.3001
1465 -65.9506 -72.6583 1.29922
1466 -42.368 -72.6377 1.29849
1467 -112.892 -72.6651 1.2979
1468 -134.75 -72.7074 1.2977
1469 -29.2602 -72.6778 1.29716
1470 -0.695392 -72.6288 1.2972
1471 33.45 -72.5567 1.29832
1472 3.12606 -72.5053 1.29846
1473 -41.6104 -72.4843 1.29774
1474 -93.9343 -72.4989 1.29694
1475 -107.692 -72.5228 1.29628
1476 -49.8295 -72.5074 1.2955
1477 -69.9094 -72.5056 1.29462
1478 -96.0147 -72.5215 1.29384
1479 -57.5718 -72.5114 1.29301
1480 -58.8418 -72.5022 1.29217
1481 -79.9959 -72.5072 1.2913
1482 18.1131 -72.4461 1.29188
1483 -143.227 -72.4938 1.29189
1484 45.6284 -72.4142 1.29347
1485 -35.4283 -72.3893 1.29284
1486 -119.674 -72.4211 1.29236
1487 -103.566 -72.4421 1.29166
1488 -61.8254 -72.4349 1.29081
1489 -87.372 -72.445 1.28998
1490 -150.751 -72.4975 1.29019
1491 -157.261 -72.5544 1.29058
1492 -5.40292 -72.5094 1.29049
1493 -16.9602 -72.4722 1.29017
1494 -89.9976 -72.4839 1.28936
1495 -30.0544 -72.4555 1.28881
1496 -80.9636 -72.4612 1.28796
1497 -58.3178 -72.4518 1.28713
1498 37.5216 -72.3783 1.28836
1499 61.1427 -72.2893 1.29058
1500 -57.5924 -72.2795 1.28976
1501 -54.1094 -72.2674 1.28895
1502 -135.4 -72.3094 1.28878
1503 -76.2593 -72.312 1.28793
1504 48.651 -72.2316 1.28958
1505 -44.573 -72.2132 1.28885
1506 -56.1443 -72.2026 1.28804
1507 -42.1677 -72.1826 1.28734
1508 36.6764 -72.1104 1.28851
1509 -50.7105 -72.0963 1.28773
1510 -103.912 -72.1173 1.28705
1511 -68.7052 -72.1151 1.2862
1512 -48.5923 -72.0995 1.28545
1513 -111.871 -72.1258 1.28487
1514 -137.128 -72.1687 1.28473
1515 -127.707 -72.2054 1.28441
1516 -84.0995 -72.2132 1.28359
1517 -103.192 -72.2337 1.2829
1518 -85.7704 -72.2426 1.28209
1519 -17.9242 -72.2068 1.28174
1520 -40.5961 -72.186 1.28107
1521 -68.6586 -72.1837 1.28023
1522 -46.57 -72.1669 1.2795
1523 -139.897 -72.2113 1.27943
1524 -117.236 -72.2409 1.27893
1525 -29.285 -72.2127 1.2784
1526 -131.253 -72.2514 1.27815
1527 -97.6067 -72.268 1.27742
1528 -77.4181 -72.2714 1.27659
1529 -51.2777 -72.2577 1.27583
1530 -113.662 -72.2847 1.27528
1531 -123.676 -72.3183 1.27489
1532 -121.134 -72.3501 1.27446
1533 -142.413 -72.3958 1.27445
1534 -113.571 -72.4227 1.2739
1535 -93.7341 -72.4366 1.27314
1536 -111.633 -72.4621 1.27257
1537 -85.3867 -72.4705 1.27177
1538 -48.3002 -72.4548 1.27104
1539 44.9569 -72.3785 1.2725
1540 -95.0036 -72.3932 1.27176
1541 -73.5232 -72.3939 1.27093
1542 -48.7311 -72.3786 1.2702
1543 -14.3683 -72.341 1.26994
1544 -62.3691 -72.3345 1.26913
1545 -15.3803 -72.2977 1.26884
1546 -122.596 -72.3302 1.26844
1547 -101.159 -72.3488 1.26776
1548 -6.16718 -72.3061 1.26766
1549 -33.2769 -72.2809 1.26709
1550 -87.2839 -72.2906 1.26631
1551 -91.2332 -72.3028 1.26555
1552 -63.9024 -72.2974 1.26475
1553 -57.9548 -72.2881 1.26397
1554 -109.716 -72.3122 1.26338
1555 -51.9678 -72.2991 1.26264
1556 -104.624 -72.3199 1.262
1557 -80.9574 -72.3254 1.2612
1558 -83.6076 -72.3327 1.26041
1559 -99.3141 -72.35 1.25972
1560 -99.4148 -72.3673 1.25903
1561 -69.6617 -72.3656 1.25823
1562 -34.7376 -72.3415 1.25765
1563 14.968 -72.2857 1.25809
1564 -63.1596 -72.2798 1.2573
1565 24.516 -72.218 1.25802
1566 -106.409 -72.2398 1.2574
1567 -16.9985 -72.2046 1.25709
1568 -112.397 -72.2302 1.25655
1569 -101.563 -72.2489 1.25589
1570 -102.184 -72.2679 1.25524
1571 -110.938 -72.2926 1.25468
1572 -55.7083 -72.282 1.25392
1573 -102.916 -72.3015 1.25328
1574 -174.206 -72.3662 1.25415
1575 -131.794 -72.404 1.25392
1576 -111.708 -72.4289 1.25338
1577 -67.8202 -72.426 1.25259
1578 -44.5198 -72.4083 1.25192
1579 -113.059 -72.434 1.25139
1580 -138.472 -72.4758 1.25129
1581 -65.2545 -72.4713 1.25051
1582 -94.1823 -72.485 1.2498
1583 -50.4508 -72.4711 1.24908
1584 -73.8279 -72.4719 1.2483
1585 -122.346 -72.5034 1.2479
1586 -124.732 -72.5363 1.24755
1587 -37.9749 -72.5145 1.24696
1588 -44.7505 -72.4971 1.24629
1589 -29.5293 -72.47 1.2458
1590 -136.354 -72.5102 1.24567
1591 -113.379 -72.5359 1.24515
1592 -50.6895 -72.5222 1.24444
1593 -2.00986 -72.4779 1.24445
1594 -115.917 -72.5052 1.24397
1595 -101.335 -72.5232 1.24332
1596 -64.9164 -72.5185 1.24255
1597 -17.0701 -72.4837 1.24225
1598 -118.573 -72.5126 1.24181
1599 -135.682 -72.5521 1.24166
1600 -63.2281 -72.5463 1.2409
1601 -25.4568 -72.5169 1.24047
1602 -50.6646 -72.5032 1.23977
1603 -76.9902 -72.506 1.239
1604 4.73842 -72.4579 1.23917
1605 -103.665 -72.4773 1.23855
1606 -123.865 -72.5093 1.23819
1607 -138.086 -72.5501 1.23809
1608 -141.995 -72.5933 1.23807
1609 -66.7069 -72.5896 1.23731
1610 -93.45 -72.6026 1.23661
1611 -67.9226 -72.5997 1.23585
1612 -76.6672 -72.6022 1.23508
1613 -64.8704 -72.5974 1.23433
1614 -126.253 -72.6307 1.23401
1615 -133.229 -72.6682 1.23381
1616 -87.7792 -72.6775 1.23309
1617 -94.6618 -72.6911 1.2324
1618 -107.741 -72.7128 1.23183
1619 -73.197 -72.7131 1.23107
1620 -66.1908 -72.7091 1.23031
1621 -46.0879 -72.6926 1.22966
1622 -117.826 -72.7205 1.22922
1623 -51.8728 -72.7076 1.22853
1624 9.26838 -72.6571 1.22881
1625 -103.408 -72.6761 1.2282
1626 -148.078 -72.7224 1.22832
1627 -28.9237 -72.6955 1.22786
1628 -33.6179 -72.6715 1.22734
1629 -86.2171 -72.6798 1.22661
1630 -53.0193 -72.6678 1.22592
1631 -105.279 -72.6878 1.22533
1632 -105.314 -72.7078 1.22475
1633 -136.559 -72.7469 1.22462
1634 -21.9492 -72.7158 1.22426
1635 -17.1225 -72.6818 1.22399
1636 -25.0304 -72.6526 1.22359
1637 -99.7904 -72.6692 1.22295
1638 -55.9369 -72.659 1.22225
1639 -102.498 -72.6772 1.22164
1640 -44.7677 -72.6602 1.22101
1641 -135.99 -72.6988 1.22088
1642 -46.6275 -72.6829 1.22024
1643 -28.4765 -72.656 1.21979
1644 -7.59326 -72.6164 1.21969
1645 -73.5702 -72.617 1.21895
1646 -88.7952 -72.6268 1.21825
1647 -39.5033 -72.6067 1.21767
1648 -21.6723 -72.5758 1.21733
1649 -45.0508 -72.5591 1.2167
1650 -35.3426 -72.5366 1.21617
1651 -26.6468 -72.5088 1.21576
1652 -69.8785 -72.5072 1.21502
1653 -59.3434 -72.4992 1.21431
1654 -40.3776 -72.4798 1.21373
1655 -5.57908 -72.4394 1.21367
1656 -52.3812 -72.4273 1.213
1657 -18.2997 -72.3946 1.21271
1658 8.99812 -72.3455 1.21297
1659 -85.3985 -72.3534 1.21226
1660 -92.7558 -72.3657 1.2116
1661 -93.1178 -72.3782 1.21093
1662 -36.3331 -72.3565 1.2104
1663 -44.6309 -72.3398 1.20978
1664 -60.3175 -72.3326 1.20908
1665 -70.5486 -72.3315 1.20835
1666 -120.593 -72.3605 1.20797
1667 -26.5289 -72.333 1.20756
1668 -68.9719 -72.331 1.20684
1669 -98.2341 -72.3465 1.20622
1670 -98.8857 -72.3624 1.2056
1671 -104.32 -72.3815 1.20503
1672 -20.2423 -72.3503 1.20471
1673 -38.4145 -72.33 1.20416
1674 -48.455 -72.3158 1.20353
1675 -91.9778 -72.3275 1.20287
1676 -44.4308 -72.3109 1.20226
1677 -19.3736 -72.2793 1.20196
1678 -93.3663 -72.2919 1.20131
1679 -114.769 -72.3172 1.20086
1680 -71.3208 -72.3166 1.20015
1681 -87.1066 -72.3254 1.19947
1682 -93.7675 -72.3381 1.19882
1683 -46.648 -72.3228 1.1982
1684 -131.532 -72.358 1.19801
1685 -114.693 -72.3831 1.19756
1686 -82.0045 -72.3888 1.19686
1687 -61.3599 -72.3823 1.19617
1688 -86.5924 -72.3907 1.19549
1689 -118.986 -72.4183 1.1951
1690 10.1147 -72.3695 1.19539
1691 -111.269 -72.3925 1.19491
1692 -155.752 -72.4417 1.19522
1693 -71.5908 -72.4412 1.19451
1694 -50.7303 -72.4284 1.19388
1695 -21.1353 -72.3982 1.19356
1696 -115.801 -72.4237 1.19313
1697 -86.2889 -72.4319 1.19245
1698 -79.0034 -72.4358 1.19175
1699 -112.219 -72.4592 1.19128
1700 -69.2012 -72.4573 1.19058
1701 -81.6806 -72.4627 1.1899
1702 -77.4006 -72.4656 1.1892
1703 -57.5669 -72.4569 1.18853
1704 -82.9291 -72.463 1.18785
1705 -88.0569 -72.4722 1.18719
1706 -39.0705 -72.4526 1.18666
1707 -128.219 -72.4852 1.18641
1708 -50.2515 -72.4722 1.18579
1709 -35.9927 -72.4509 1.18529
1710 -12.3679 -72.4157 1.18511
1711 -74.9896 -72.4173 1.18442
1712 -122.04 -72.4462 1.18409
1713 -92.0798 -72.4577 1.18345
1714 -117.254 -72.4838 1.18305
1715 -56.7355 -72.4746 1.18239
1716 -128.757 -72.5074 1.18216
1717 -63.4765 -72.5022 1.18148
1718 -22.9233 -72.4733 1.18115
1719 -42.7339 -72.456 1.18059
1720 -78.7697 -72.4597 1.17991
1721 -6.74026 -72.4215 1.17984
1722 -104.781 -72.4403 1.1793
1723 -80.5835 -72.445 1.17863
1724 -42.4188 -72.4276 1.17807
1725 -66.9664 -72.4244 1.17739
1726 -74.3778 -72.4256 1.17671
1727 -86.227 -72.4336 1.17606
1728 -55.6388 -72.4239 1.17542
1729 22.09 -72.3692 1.17601
1730 -22.3954 -72.3403 1.17568
1731 -131.419 -72.3744 1.1755
1732 -68.5084 -72.3722 1.17482
1733 -54.3249 -72.3618 1.17419
1734 -22.7446 -72.3332 1.17386
1735 -28.6767 -72.308 1.17346
1736 -77.9456 -72.3113 1.17278
1737 -103.94 -72.3295 1.17225
1738 -82.2356 -72.3352 1.17159
1739 -43.8068 -72.3188 1.17103
1740 -19.8335 -72.2886 1.17075
1741 -30.5192 -72.2646 1.17032
1742 -51.0778 -72.2524 1.16971
1743 -62.5034 -72.2468 1.16905
1744 0.924374 -72.2049 1.16914
1745 22.7158 -72.1505 1.16973
1746 -20.8214 -72.1211 1.16943
1747 -74.9486 -72.1227 1.16876
1748 -36.7163 -72.1025 1.16827
1749 -72.8471 -72.1029 1.1676
1750 3.99588 -72.0594 1.16774
1751 -108.188 -72.08 1.16726
1752 -91.585 -72.0912 1.16664
1753 -47.7247 -72.0773 1.16606
1754 -71.7522 -72.0771 1.1654
1755 -59.3766 -72.0698 1.16476
1756 -79.9265 -72.0743 1.1641
1757 -151.787 -72.1197 1.16432
1758 -12.5727 -72.0858 1.16415
1759 -38.3306 -72.0666 1.16365
1760 -68.4115 -72.0646 1.16299
1761 -83.6854 -72.0712 1.16235
1762 -54.4806 -72.0612 1.16173
1763 -20.8708 -72.0321 1.16143
1764 -137.106 -72.069 1.16136
1765 130.309 -71.9544 1.16635
1766 76.2012 -71.8705 1.1687
1767 -67.8915 -71.8682 1.16804
1768 -54.3089 -71.8583 1.16743
1769 -103.851 -71.8764 1.16691
1770 -25.3534 -71.8501 1.16654
1771 -27.6551 -71.8251 1.16615
1772 -60.784 -71.8189 1.16551
1773 -20.6403 -71.79 1.16521
1774 -107.118 -71.8099 1.16472
1775 -100.752 -71.8263 1.16418
1776 -23.5288 -71.7991 1.16384
1777 -119.019 -71.8256 1.16349
1778 -53.2696 -71.8152 1.16288
1779 -93.5637 -71.8274 1.16229
1780 -89.5766 -71.8374 1.16168
1781 -114.172 -71.8612 1.16128
1782 -83.5627 -71.8677 1.16064
1783 -35.1903 -71.8472 1.16017
1784 -73.9201 -71.8483 1.15952
1785 18.1194 -71.7979 1.15997
1786 -31.5848 -71.7754 1.15954
1787 -68.3731 -71.7735 1.15889
1788 -66.4438 -71.7705 1.15825
1789 -41.9195 -71.7538 1.15772
1790 -54.9373 -71.7444 1.15711
1791 -68.734 -71.7428 1.15647
1792 -53.662 -71.7327 1.15586
1793 -39.6041 -71.7147 1.15536
1794 -105.567 -71.7336 1.15487
1795 -54.969 -71.7243 1.15426
1796 -39.9963 -71.7066 1.15376
1797 -118.736 -71.7328 1.15341
1798 -22.5671 -71.7054 1.15309
1799 -86.4824 -71.7136 1.15248
1800 -125.403 -71.7435 1.15223
1801 -25.4942 -71.7178 1.15187
1802 -52.1616 -71.7069 1.15128
1803 26.0886 -71.6527 1.15192
1804 -92.9781 -71.6645 1.15135
1805 -33.1446 -71.6432 1.15091
1806 87.8971 -71.5548 1.15365
1807 73.0916 -71.4748 1.15579
1808 -70.9425 -71.4745 1.15515
1809 -76.6629 -71.4774 1.15451
1810 -42.0897 -71.4611 1.15399
1811 -73.6915 -71.4624 1.15335
1812 -124.117 -71.4914 1.15308
1813 -84.0439 -71.4983 1.15247
1814 -69.0573 -71.497 1.15183
1815 -55.7369 -71.4883 1.15123
1816 -44.3103 -71.4734 1.1507
1817 -30.1539 -71.4506 1.15029
1818 12.0629 -71.4047 1.15057
1819 -73.3733 -71.4058 1.14994
1820 63.1651 -71.3318 1.15168
1821 -112.29 -71.3543 1.15127
1822 -110.098 -71.3756 1.15083
1823 -54.8935 -71.3665 1.15024
1824 -78.6182 -71.3705 1.14961
1825 -95.0777 -71.3835 1.14906
1826 -103.449 -71.4011 1.14856
1827 -98.4343 -71.4159 1.14803
1828 -92.4424 -71.4274 1.14746
1829 -83.6342 -71.434 1.14685
1830 -135.524 -71.4691 1.14676
1831 -72.5341 -71.4696 1.14613
1832 -23.7769 -71.4436 1.1458
1833 -122.628 -71.4715 1.14552
1834 -109.523 -71.4923 1.14508
1835 -113.687 -71.5153 1.14469
1836 -110.818 -71.5367 1.14426
1837 -97.9312 -71.551 1.14373
1838 -69.9152 -71.5502 1.14311
1839 -116.723 -71.5747 1.14275
1840 21.6321 -71.5241 1.14325
1841 -127.609 -71.5545 1.14304
1842 -125.916 -71.584 1.1428
1843 -110.473 -71.6051 1.14237
1844 -71.4015 -71.605 1.14175
1845 -116.302 -71.6293 1.14139
1846 -96.159 -71.6425 1.14085
1847 -48.2115 -71.6299 1.1403
1848 -108.128 -71.6496 1.13986
1849 -149.07 -71.6915 1.14001
1850 -123.881 -71.7197 1.13974
1851 -96.96 -71.7333 1.13921
1852 -104.605 -71.7511 1.13873
1853 -140.002 -71.7879 1.13871
1854 -90.5754 -71.798 1.13814
1855 -33.9508 -71.7776 1.13771
1856 -13.0449 -71.746 1.13754
1857 -35.2166 -71.7263 1.1371
1858 -89.2677 -71.7358 1.13652
1859 -172.398 -71.7899 1.1372
1860 -163.614 -71.8393 1.13766
1861 -154.411 -71.8837 1.13792
1862 -177.864 -71.9406 1.13873
1863 -112.84 -71.9625 1.13833
1864 -37.3319 -71.9439 1.13787
1865 -110.495 -71.9646 1.13745
1866 -122.008 -71.9914 1.13715
1867 -82.5207 -71.9971 1.13656
1868 -50.9715 -71.9858 1.136
1869 -148.024 -72.0265 1.13613
1870 -0.0225636 -71.988 1.13617
1871 -37.2246 -71.9694 1.13571
1872 -46.1338 -71.9556 1.13519
1873 -75.2218 -71.9574 1.13459
1874 -98.0119 -71.9713 1.13407
1875 -57.6507 -71.9636 1.13349
1876 -43.375 -71.9484 1.13299
1877 -70.5522 -71.9476 1.13238
1878 -55.3381 -71.9388 1.13181
1879 -89.9242 -71.9484 1.13125
1880 -60.2742 -71.9422 1.13067
1881 -16.7168 -71.9128 1.13045
1882 -74.0383 -71.9139 1.12985
1883 -26.782 -71.89 1.1295
1884 -67.7525 -71.8878 1.1289
1885 -135.318 -71.9214 1.12881
1886 -148.709 -71.9621 1.12894
1887 -150.525 -72.0038 1.12911
1888 -85.8782 -72.0111 1.12854
1889 -87.5238 -72.0193 1.12797
1890 -24.4803 -71.9942 1.12765
1891 -129.867 -72.0248 1.12747
1892 -125.578 -72.0531 1.12723
1893 -63.7941 -72.0487 1.12664
1894 -14.5032 -72.0183 1.12646
1895 -121.239 -72.0443 1.12616
1896 -81.2379 -72.0492 1.12558
1897 -9.12758 -72.016 1.12548
1898 -60.4719 -72.0099 1.1249
1899 -105.533 -72.0276 1.12445
1900 -24.8273 -72.0027 1.12413
1901 8.21636 -71.9605 1.12433
1902 -33.197 -71.9401 1.12392
1903 -5.6607 -71.9053 1.12387
1904 -25.2058 -71.8808 1.12355
1905 -149.023 -71.9213 1.12369
1906 -124.001 -71.9486 1.12343
1907 -78.0043 -71.9518 1.12285
1908 -130.425 -71.9824 1.12268
1909 -97.3027 -71.9957 1.12217
1910 -110.594 -72.0159 1.12176
1911 -73.4413 -72.0166 1.12117
1912 -32.0052 -71.9957 1.12078
1913 -120.187 -72.0209 1.12048
1914 -94.0695 -72.0324 1.11995
1915 -132.221 -72.0639 1.11981
1916 -121.503 -72.0897 1.11952
1917 -98.381 -72.1034 1.11902
1918 -94.5987 -72.1151 1.1185
1919 -46.4358 -72.1017 1.118
1920 -8.98834 -72.0688 1.1179
1921 63.3835 -71.9983 1.11954
1922 -13.6846 -71.968 1.11937
1923 -27.3323 -71.9448 1.11903
1924 -24.1005 -71.9199 1.11872
1925 -42.1923 -71.9045 1.11825
1926 -96.9218 -71.9175 1.11774
1927 -42.5005 -71.9022 1.11726
1928 -128.544 -71.9316 1.11707
1929 -67.1471 -71.9291 1.11649
1930 15.623 -71.8837 1.11684
1931 24.395 -71.8339 1.11737
1932 -89.8644 -71.8432 1.11683
1933 -81.4567 -71.8482 1.11627
1934 -51.3265 -71.8376 1.11574
1935 -43.6144 -71.823 1.11526
1936 -125.038 -71.8505 1.11502
1937 -85.0303 -71.8573 1.11447
1938 -104.181 -71.874 1.11401
1939 -81.9361 -71.8791 1.11345
1940 -54.9048 -71.8704 1.11291
1941 -62.9311 -71.8658 1.11235
1942 -99.2957 -71.8799 1.11187
1943 -149.787 -71.92 1.11202
1944 -142.115 -71.9561 1.11203
1945 -113.313 -71.9774 1.11166
1946 -86.7259 -71.985 1.11112
1947 -97.9692 -71.9983 1.11063
1948 -114.498 -72.0201 1.11027
1949 -39.3502 -72.0034 1.10983
1950 -105.619 -72.0206 1.10939
1951 -108.527 -72.0393 1.10898
1952 -63.55 -72.035 1.10842
1953 -96.4674 -72.0475 1.10792
1954 9.26616 -72.0059 1.10814
1955 -79.6983 -72.0098 1.10758
1956 -13.2735 -71.9798 1.10742
1957 -87.5327 -71.9877 1.10688
1958 -50.59 -71.9768 1.10637
1959 -85.6762 -71.9838 1.10583
1960 -2.68831 -71.9484 1.10583
1961 -55.8088 -71.9402 1.1053
1962 -134.538 -71.9721 1.10519
1963 -105.803 -71.9893 1.10476
1964 77.9514 -71.913 1.10684
1965 50.0045 -71.8509 1.10801
1966 -69.2579 -71.8496 1.10745
1967 -105.318 -71.8666 1.10702
1968 -20.8303 -71.8407 1.10676
1969 -54.6592 -71.832 1.10623
1970 -106.793 -71.8497 1.10581
1971 -85.1113 -71.8565 1.10527
1972 -127.888 -71.8849 1.10507
1973 -30.8776 -71.8641 1.10471
1974 -67.7379 -71.862 1.10415
1975 -166.235 -71.9098 1.10463
1976 -109.548 -71.9288 1.10423
1977 -58.0477 -71.9218 1.10369
1978 -120.376 -71.9463 1.10341
1979 -30.9939 -71.9256 1.10305
1980 -30.3693 -71.9046 1.10269
1981 20.8468 -71.8578 1.10312
1982 -29.6825 -71.8365 1.10277
1983 -111.249 -71.8564 1.1024
1984 -112.718 -71.877 1.10203
1985 -93.6643 -71.888 1.10153
1986 -102.271 -71.9033 1.10108
1987 -58.8961 -71.8967 1.10055
1988 -142.345 -71.9322 1.10057
1989 -93.5685 -71.943 1.10007
1990 -38.4384 -71.9262 1.09964
1991 -148.522 -71.9647 1.09976
1992 -127.81 -71.9927 1.09957
1993 -88.0342 -72.0008 1.09905
1994 -134.225 -72.032 1.09894
1995 -125.796 -72.0589 1.09872
1996 -23.3172 -72.0345 1.09844
1997 -147.745 -72.0724 1.09854
1998 -92.3061 -72.0825 1.09804
1999 -31.4862 -72.0622 1.09768
2000 -96.5986 -72.0745 1.0972
