1 1.54896 1.54896 0
2 1.49429 1.52162 0.019329
3 1.47152 1.50492 0.0187617
4 1.45564 1.4926 0.0176587
5 1.39503 1.47309 0.0224545
6 1.43037 1.46597 0.0198086
7 1.40449 1.45719 0.0188254
8 1.47516 1.45943 0.0166057
9 1.41226 1.45419 0.0155659
10 1.368 1.44557 0.0162211
11 1.35672 1.43749 0.0166366
12 1.35584 1.43069 0.0165835
13 1.35385 1.42478 0.0163274
14 1.34116 1.41881 0.0162168
15 1.33852 1.41345 0.0159946
16 1.36572 1.41047 0.0152706
17 1.34622 1.40669 0.0148326
18 1.32882 1.40237 0.0146258
19 1.32896 1.3985 0.0143572
20 1.30037 1.3936 0.0144534
21 1.24429 1.38649 0.015415
22 1.32172 1.38354 0.0149928
23 1.3452 1.38188 0.0144333
24 1.40443 1.38281 0.0138625
25 1.45439 1.38568 0.0136004
26 1.47143 1.38898 0.0134712
27 1.43082 1.39053 0.0130612
28 1.42238 1.39166 0.0126441
29 1.52734 1.39634 0.013045
30 1.43615 1.39767 0.0126775
31 1.3828 1.39719 0.0122776
32 1.41537 1.39776 0.0119071
33 1.41747 1.39835 0.0115612
34 1.37624 1.3977 0.0112395
35 1.35995 1.39663 0.01097
36 1.40317 1.39681 0.0106668
37 1.45923 1.39849 0.0105111
38 1.40572 1.39868 0.0102362
39 1.38168 1.39825 0.00998298
40 1.3672 1.39747 0.00976354
41 1.40841 1.39774 0.00952905
42 1.34616 1.39651 0.00938096
43 1.38039 1.39614 0.00917029
44 1.40735 1.39639 0.00896541
45 1.39764 1.39642 0.00876622
46 1.37409 1.39593 0.00858908
47 1.31056 1.39412 0.00859628
48 1.37013 1.39362 0.00843171
49 1.36383 1.39301 0.00828152
50 1.29831 1.39112 0.00832963
51 1.29881 1.38931 0.00836063
52 1.44039 1.39029 0.00825737
53 1.38657 1.39022 0.00810187
54 1.38016 1.39003 0.00795398
55 1.47705 1.39161 0.00796517
56 1.45552 1.39275 0.00790426
57 1.38172 1.39256 0.00776796
58 1.41079 1.39288 0.00764038
59 1.41196 1.3932 0.00751773
60 1.41325 1.39353 0.00739986
61 1.40342 1.39369 0.00728033
62 1.41277 1.394 0.0071694
63 1.41468 1.39433 0.0070631
64 1.40217 1.39445 0.0069538
65 1.39403 1.39445 0.00684683
66 1.39349 1.39443 0.0067431
67 1.44816 1.39523 0.00668998
68 1.38783 1.39513 0.00659248
69 1.32469 1.3941 0.0065755
70 1.38654 1.394 0.00648246
71 1.37583 1.39374 0.0063962
72 1.39773 1.3938 0.00630761
73 1.40035 1.39389 0.00622184
74 1.43423 1.39443 0.0061616
75 1.42447 1.39483 0.00609244
76 1.37963 1.39463 0.00601556
77 1.35848 1.39416 0.00595573
78 1.40299 1.39428 0.00588045
79 1.35505 1.39378 0.00582693
80 1.38195 1.39363 0.00575597
81 1.42435 1.39401 0.00569739
82 1.49968 1.3953 0.0057718
83 1.49745 1.39653 0.00583201
84 1.48443 1.39758 0.0058557
85 1.42137 1.39786 0.0057935
86 1.35989 1.39741 0.00574293
87 1.3414 1.39677 0.00571289
88 1.36127 1.39637 0.0056622
89 1.47936 1.3973 0.00567485
90 1.50168 1.39846 0.00572908
91 1.48489 1.39941 0.00574431
92 1.45085 1.39997 0.00570901
93 1.44242 1.40042 0.00566585
94 1.46865 1.40115 0.00565187
95 1.50129 1.4022 0.00568983
96 1.45555 1.40276 0.00565763
97 1.49656 1.40373 0.00568134
98 1.47897 1.4045 0.00567501
99 1.46765 1.40513 0.00565343
100 1.46717 1.40575 0.00563082
101 1.43965 1.40609 0.00558507
102 1.46399 1.40666 0.00555908
103 1.38929 1.40649 0.00550767
104 1.41142 1.40654 0.00545491
105 1.42699 1.40673 0.00540644
106 1.36503 1.40634 0.00536973
107 1.41194 1.40639 0.0053198
108 1.34058 1.40578 0.00530533
109 1.38479 1.40559 0.00526015
110 1.43261 1.40583 0.00521807
111 1.40252 1.4058 0.00517114
112 1.38871 1.40565 0.00512722
113 1.35268 1.40518 0.00510323
114 1.31491 1.40439 0.00511953
115 1.38094 1.40419 0.00507907
116 1.36936 1.40389 0.00504415
117 1.43128 1.40412 0.00500647
118 1.39167 1.40401 0.00496515
119 1.37747 1.40379 0.00492844
120 1.37874 1.40358 0.00489179
121 1.36335 1.40325 0.00486265
122 1.37798 1.40304 0.0048272
123 1.34941 1.40261 0.00480761
124 1.35103 1.40219 0.0047868
125 1.39211 1.40211 0.00474918
126 1.46144 1.40258 0.00473477
127 1.45859 1.40302 0.00471799
128 1.38359 1.40287 0.00468357
129 1.38467 1.40273 0.00464939
130 1.37388 1.40251 0.00461892
131 1.4632 1.40297 0.00460683
132 1.46796 1.40346 0.00459816
133 1.41418 1.40354 0.0045643
134 1.44892 1.40388 0.00454278
135 1.46019 1.4043 0.00452823
136 1.45202 1.40465 0.00450851
137 1.43045 1.40484 0.00447953
138 1.38889 1.40472 0.00444856
139 1.39454 1.40465 0.00441716
140 1.37418 1.40443 0.00439097
141 1.4364 1.40466 0.00436567
142 1.45238 1.40499 0.00434785
143 1.36559 1.40472 0.00432616
144 1.39702 1.40467 0.00429645
145 1.37512 1.40446 0.00427165
146 1.38072 1.4043 0.00424549
147 1.39365 1.40423 0.00421722
148 1.38459 1.40409 0.00419082
149 1.3861 1.40397 0.00416443
150 1.3979 1.40393 0.00413686
151 1.38895 1.40383 0.00411066
152 1.36767 1.4036 0.00409049
153 1.36989 1.40338 0.00406969
154 1.34346 1.40299 0.00406181
155 1.36621 1.40275 0.00404253
156 1.31072 1.40216 0.00405944
157 1.29137 1.40145 0.00409446
158 1.35418 1.40115 0.00407946
159 1.3395 1.40077 0.00407219
160 1.3721 1.40059 0.00405068
161 1.35428 1.4003 0.00403572
162 1.28065 1.39956 0.00407783
163 1.29531 1.39892 0.00410266
164 1.34564 1.3986 0.00409049
165 1.37595 1.39846 0.004068
166 1.35575 1.3982 0.00405162
167 1.31165 1.39768 0.00406038
168 1.36107 1.39747 0.00404205
169 1.40176 1.39749 0.00401822
170 1.42582 1.39766 0.00399803
171 1.44495 1.39793 0.00398421
172 1.42969 1.39812 0.00396532
173 1.4451 1.39839 0.00395169
174 1.44675 1.39867 0.00393874
175 1.49424 1.39922 0.00395391
176 1.46637 1.3996 0.00394982
177 1.46886 1.39999 0.00394684
178 1.48935 1.40049 0.00395646
179 1.44273 1.40073 0.00394139
180 1.48568 1.4012 0.00394765
181 1.46517 1.40155 0.00394163
182 1.46345 1.40189 0.00393462
183 1.45011 1.40215 0.00392193
184 1.42586 1.40228 0.00390273
185 1.41372 1.40235 0.00388213
186 1.45818 1.40265 0.00387284
187 1.39155 1.40259 0.00385259
188 1.39505 1.40255 0.0038323
189 1.49311 1.40303 0.00384186
190 1.46394 1.40335 0.003835
191 1.45848 1.40363 0.00382577
192 1.34938 1.40335 0.00381626
193 1.40137 1.40334 0.0037965
194 1.46582 1.40366 0.00379057
195 1.41988 1.40375 0.00377204
196 1.40468 1.40375 0.0037528
197 1.43677 1.40392 0.00373749
198 1.37808 1.40379 0.00372089
199 1.38721 1.40371 0.00370313
200 1.39931 1.40368 0.00368468
201 1.39532 1.40364 0.00366658
202 1.40744 1.40366 0.00364848
203 1.39769 1.40363 0.00363062
204 1.35708 1.4034 0.00361999
205 1.35355 1.40316 0.00361049
206 1.34488 1.40288 0.00360403
207 1.37326 1.40273 0.00358946
208 1.40795 1.40276 0.00357229
209 1.41157 1.4028 0.00355544
210 1.35816 1.40259 0.00354486
211 1.36126 1.40239 0.00353347
212 1.3703 1.40224 0.00352004
213 1.3213 1.40186 0.00352397
214 1.39214 1.40182 0.0035078
215 1.33959 1.40153 0.0035034
216 1.40934 1.40156 0.00348737
217 1.3865 1.40149 0.00347199
218 1.36513 1.40133 0.00346007
219 1.36302 1.40115 0.00344869
220 1.33246 1.40084 0.00344711
221 1.30947 1.40043 0.00345622
222 1.38363 1.40035 0.00344148
223 1.37253 1.40023 0.00342831
224 1.35788 1.40004 0.00341821
225 1.33207 1.39973 0.00341634
226 1.3359 1.39945 0.00341288
227 1.36499 1.3993 0.00340122
228 1.38475 1.39924 0.00338691
229 1.33363 1.39895 0.00338421
230 1.36953 1.39882 0.00337191
231 1.31403 1.39845 0.00337724
232 1.3497 1.39824 0.00336921
233 1.33292 1.39796 0.0033664
234 1.30569 1.39757 0.00337503
235 1.45175 1.3978 0.00336853
236 1.34896 1.39759 0.00336061
237 1.28574 1.39712 0.00337941
238 1.34946 1.39692 0.00337114
239 1.38928 1.39689 0.00335718
240 1.4348 1.39705 0.00334691
241 1.34412 1.39683 0.00334022
242 1.37002 1.39672 0.00332825
243 1.37906 1.39664 0.00331535
244 1.40715 1.39669 0.00330204
245 1.38844 1.39665 0.00328874
246 1.4091 1.3967 0.00327576
247 1.41355 1.39677 0.0032632
248 1.4015 1.39679 0.0032501
249 1.3725 1.39669 0.00323851
250 1.43331 1.39684 0.00322887
251 1.39863 1.39685 0.00321601
252 1.42312 1.39695 0.00320494
253 1.41804 1.39704 0.00319336
254 1.38342 1.39698 0.00318123
255 1.42831 1.3971 0.00317113
256 1.41636 1.39718 0.00315963
257 1.46402 1.39744 0.00315803
258 1.43331 1.39758 0.00314884
259 1.37519 1.39749 0.00313787
260 1.34412 1.39729 0.00313251
261 1.3462 1.39709 0.00312662
262 1.40372 1.39712 0.00311479
263 1.37177 1.39702 0.00310444
264 1.41078 1.39707 0.00309311
265 1.43454 1.39721 0.00308467
266 1.45138 1.39742 0.00307979
267 1.39713 1.39742 0.00306825
268 1.36892 1.39731 0.00305865
269 1.37177 1.39722 0.00304875
270 1.4074 1.39725 0.00303769
271 1.40931 1.3973 0.00302681
272 1.41487 1.39736 0.00301637
273 1.43634 1.3975 0.0030087
274 1.44428 1.39768 0.00300256
275 1.4127 1.39773 0.00299214
276 1.44118 1.39789 0.00298543
277 1.3855 1.39784 0.00297499
278 1.37547 1.39776 0.00296538
279 1.40674 1.39779 0.00295492
280 1.42178 1.39788 0.00294561
281 1.3863 1.39784 0.00293542
282 1.41019 1.39788 0.00292533
283 1.40515 1.39791 0.00291511
284 1.4319 1.39803 0.0029073
285 1.40388 1.39805 0.00289717
286 1.4497 1.39823 0.00289267
287 1.46332 1.39846 0.00289146
288 1.47841 1.39873 0.00289472
289 1.43574 1.39886 0.00288754
290 1.43184 1.39898 0.00287982
291 1.42693 1.39907 0.00287152
292 1.45648 1.39927 0.00286841
293 1.38105 1.39921 0.0028593
294 1.35764 1.39906 0.00285306
295 1.29568 1.39871 0.00286483
296 1.25486 1.39823 0.00289609
297 1.22242 1.39764 0.00294621
298 1.31964 1.39737 0.00294793
299 1.3387 1.39718 0.00294459
300 1.34675 1.39701 0.00293957
301 1.3749 1.39694 0.00293072
302 1.37279 1.39686 0.00292211
303 1.37342 1.39678 0.00291349
304 1.44479 1.39694 0.00290818
305 1.44631 1.3971 0.00290315
306 1.43261 1.39722 0.00289598
307 1.45113 1.39739 0.00289187
308 1.37853 1.39733 0.00288313
309 1.34266 1.39715 0.00287922
310 1.36275 1.39704 0.00287207
311 1.30323 1.39674 0.00287863
312 1.30146 1.39643 0.00288556
313 1.34779 1.39628 0.00288052
314 1.40195 1.3963 0.0028714
315 1.38697 1.39627 0.00286244
316 1.38381 1.39623 0.00285365
317 1.38096 1.39618 0.00284506
318 1.32233 1.39595 0.00284557
319 1.39571 1.39595 0.00283665
320 1.40998 1.39599 0.00282813
321 1.42231 1.39607 0.00282051
322 1.32718 1.39586 0.00281985
323 1.32881 1.39565 0.00281875
324 1.40081 1.39567 0.0028101
325 1.31471 1.39542 0.00281247
326 1.42435 1.39551 0.00280524
327 1.36323 1.39541 0.0027984
328 1.35159 1.39527 0.00279305
329 1.39668 1.39528 0.00278457
330 1.41393 1.39534 0.0027767
331 1.43766 1.39546 0.00277126
332 1.41054 1.39551 0.00276328
333 1.44686 1.39566 0.00275928
334 1.48812 1.39594 0.00276487
335 1.44933 1.3961 0.00276121
336 1.43177 1.39621 0.00275503
337 1.44244 1.39634 0.00275027
338 1.44535 1.39649 0.00274595
339 1.36488 1.39639 0.00273944
340 1.45585 1.39657 0.00273695
341 1.4807 1.39682 0.00274003
342 1.45187 1.39698 0.00273674
343 1.46874 1.39719 0.00273675
344 1.47423 1.39741 0.00273794
345 1.46053 1.39759 0.00273611
346 1.38613 1.39756 0.0027284
347 1.44719 1.3977 0.00272429
348 1.41024 1.39774 0.0027167
349 1.42583 1.39782 0.0027101
350 1.39584 1.39781 0.00270237
351 1.35842 1.3977 0.002697
352 1.3787 1.39765 0.00268987
353 1.41211 1.39769 0.00268257
354 1.3181 1.39746 0.00268439
355 1.25246 1.39706 0.00270773
356 1.28208 1.39673 0.00271931
357 1.30439 1.39647 0.00272397
358 1.27582 1.39614 0.00273713
359 1.34899 1.39601 0.00273266
360 1.37055 1.39593 0.00272598
361 1.35142 1.39581 0.00272122
362 1.35429 1.3957 0.00271611
363 1.32637 1.39551 0.00271534
364 1.41105 1.39555 0.00270821
365 1.32738 1.39536 0.00270723
366 1.37494 1.39531 0.0027004
367 1.38548 1.39528 0.00269318
368 1.36564 1.3952 0.00268706
369 1.3376 1.39504 0.00268431
370 1.33991 1.39489 0.00268119
371 1.28995 1.39461 0.00268884
372 1.36834 1.39454 0.00268254
373 1.34206 1.3944 0.00267904
374 1.34103 1.39426 0.00267567
375 1.45783 1.39443 0.0026739
376 1.43379 1.39453 0.00266884
377 1.37159 1.39447 0.00266246
378 1.38367 1.39444 0.00265557
379 1.38107 1.39441 0.00264879
380 1.35577 1.3943 0.00264377
381 1.40034 1.39432 0.00263688
382 1.34093 1.39418 0.00263368
383 1.36741 1.39411 0.00262773
384 1.36183 1.39403 0.00262223
385 1.36819 1.39396 0.00261628
386 1.3828 1.39393 0.00260966
387 1.42918 1.39402 0.00260451
388 1.34837 1.3939 0.00260045
389 1.38335 1.39388 0.00259391
390 1.42959 1.39397 0.00258887
391 1.41989 1.39403 0.0025831
392 1.42086 1.3941 0.00257742
393 1.38273 1.39407 0.00257102
394 1.38465 1.39405 0.00256461
395 1.37824 1.39401 0.00255843
396 1.40035 1.39403 0.00255202
397 1.41388 1.39408 0.00254608
398 1.40465 1.3941 0.00253982
399 1.36344 1.39403 0.00253462
400 1.41019 1.39407 0.0025286
401 1.47902 1.39428 0.00253115
402 1.45816 1.39444 0.00252984
403 1.37231 1.39438 0.00252416
404 1.34279 1.39425 0.00252114
405 1.39828 1.39426 0.00251494
406 1.42735 1.39435 0.00251006
407 1.39619 1.39435 0.0025039
408 1.47413 1.39455 0.00250538
409 1.43876 1.39465 0.00250159
410 1.42614 1.39473 0.00249667
411 1.46421 1.3949 0.00249631
412 1.42169 1.39496 0.0024911
413 1.42283 1.39503 0.00248598
414 1.42041 1.39509 0.00248073
415 1.44382 1.39521 0.00247753
416 1.44785 1.39534 0.0024748
417 1.41582 1.39539 0.00246936
418 1.45867 1.39554 0.00246808
419 1.40336 1.39556 0.00246226
420 1.34069 1.39543 0.00245986
421 1.40818 1.39546 0.00245421
422 1.42076 1.39552 0.00244912
423 1.42056 1.39558 0.00244405
424 1.40334 1.39559 0.00243835
425 1.3706 1.39554 0.00243333
426 1.42737 1.39561 0.00242876
427 1.47137 1.39579 0.00242955
428 1.39486 1.39579 0.00242387
429 1.30785 1.39558 0.00242687
430 1.30202 1.39536 0.00243096
431 1.29797 1.39514 0.0024358
432 1.27217 1.39485 0.00244674
433 1.24853 1.39451 0.00246431
434 1.27586 1.39424 0.00247375
435 1.28548 1.39399 0.00248067
436 1.40442 1.39401 0.00247509
437 1.404 1.39404 0.00246954
438 1.40176 1.39406 0.00246396
439 1.38717 1.39404 0.0024584
440 1.32997 1.39389 0.00245712
441 1.38599 1.39388 0.00245161
442 1.35767 1.39379 0.00244743
443 1.35211 1.3937 0.00244372
444 1.31257 1.39352 0.00244503
445 1.32297 1.39336 0.00244467
446 1.33611 1.39323 0.00244256
447 1.34445 1.39312 0.00243953
448 1.37485 1.39308 0.00243443
449 1.42947 1.39316 0.00243036
450 1.35088 1.39307 0.00242677
451 1.41603 1.39312 0.00242192
452 1.36549 1.39306 0.00241734
453 1.39024 1.39305 0.00241201
454 1.39811 1.39306 0.00240672
455 1.44393 1.39317 0.00240403
456 1.37675 1.39314 0.00239903
457 1.34104 1.39302 0.00239648
458 1.3695 1.39297 0.0023918
459 1.36673 1.39292 0.00238727
460 1.41133 1.39296 0.00238242
461 1.43 1.39304 0.00237861
462 1.42501 1.3931 0.00237446
463 1.32116 1.39295 0.00237441
464 1.30924 1.39277 0.00237614
465 1.40395 1.39279 0.00237115
466 1.4106 1.39283 0.00236637
467 1.37056 1.39278 0.00236179
468 1.35096 1.39269 0.00235843
469 1.32182 1.39254 0.00235824
470 1.36587 1.39249 0.0023539
471 1.47802 1.39267 0.0023559
472 1.41722 1.39272 0.00235148
473 1.39026 1.39271 0.00234652
474 1.33921 1.3926 0.00234428
475 1.37268 1.39256 0.00233972
476 1.45266 1.39269 0.00233821
477 1.43285 1.39277 0.00233482
478 1.42452 1.39284 0.00233088
479 1.42802 1.39291 0.00232717
480 1.44698 1.39302 0.00232505
481 1.42798 1.3931 0.00232135
482 1.39945 1.39311 0.00231657
483 1.4823 1.39329 0.00231912
484 1.46546 1.39344 0.00231912
485 1.38494 1.39343 0.00231441
486 1.33572 1.39331 0.00231269
487 1.39052 1.3933 0.00230795
488 1.42674 1.39337 0.00230423
489 1.43488 1.39345 0.00230108
490 1.4461 1.39356 0.0022989
491 1.38222 1.39354 0.00229433
492 1.3575 1.39347 0.00229084
493 1.30627 1.39329 0.00229301
494 1.34895 1.3932 0.00229012
495 1.32021 1.39305 0.00229024
496 1.43976 1.39315 0.00228755
497 1.39777 1.39315 0.00228297
498 1.39892 1.39317 0.00227842
499 1.38596 1.39315 0.00227389
500 1.44696 1.39326 0.00227189
501 1.41438 1.3933 0.00226775
502 1.43569 1.39339 0.0022648
503 1.42294 1.39344 0.00226106
504 1.40738 1.39347 0.00225674
505 1.3847 1.39345 0.00225234
506 1.35527 1.39338 0.00224916
507 1.35469 1.3933 0.00224601
508 1.40568 1.39333 0.00224172
509 1.4495 1.39344 0.00224003
510 1.40725 1.39346 0.00223581
511 1.37088 1.39342 0.00223187
512 1.40932 1.39345 0.00222772
513 1.45023 1.39356 0.00222613
514 1.40558 1.39359 0.00222192
515 1.44089 1.39368 0.0022195
516 1.42769 1.39374 0.00221618
517 1.40598 1.39377 0.00221202
518 1.4438 1.39386 0.00220986
519 1.40393 1.39388 0.00220569
520 1.43116 1.39395 0.00220261
521 1.42679 1.39402 0.00219928
522 1.37809 1.39399 0.00219528
523 1.36582 1.39393 0.00219174
524 1.35295 1.39386 0.00218896
525 1.38922 1.39385 0.0021848
526 1.41781 1.39389 0.00218113
527 1.39298 1.39389 0.00217699
528 1.39929 1.3939 0.00217289
529 1.43821 1.39398 0.0021704
530 1.46887 1.39413 0.00217089
531 1.44605 1.39422 0.00216901
532 1.43615 1.3943 0.00216636
533 1.38991 1.39429 0.00216231
534 1.39226 1.39429 0.00215827
535 1.42293 1.39434 0.0021549
536 1.51106 1.39456 0.00216185
537 1.42453 1.39462 0.00215854
538 1.391 1.39461 0.00215454
539 1.40756 1.39463 0.00215068
540 1.39111 1.39463 0.00214671
541 1.42666 1.39469 0.00214356
542 1.46385 1.39481 0.00214339
543 1.44267 1.3949 0.00214126
544 1.34948 1.39482 0.00213895
545 1.44479 1.39491 0.00213699
546 1.41871 1.39495 0.00213352
547 1.44457 1.39505 0.00213155
548 1.37378 1.39501 0.00212801
549 1.35642 1.39494 0.0021253
550 1.29931 1.39476 0.00212853
551 1.33804 1.39466 0.00212716
552 1.32294 1.39453 0.00212727
553 1.32677 1.39441 0.00212695
554 1.38118 1.39438 0.00212324
555 1.35001 1.3943 0.00212092
556 1.30925 1.39415 0.00212261
557 1.29198 1.39397 0.00212671
558 1.32758 1.39385 0.00212623
559 1.35285 1.39377 0.00212369
560 1.32786 1.39366 0.00212316
561 1.38087 1.39363 0.00211949
562 1.378 1.39361 0.00211591
563 1.37965 1.39358 0.00211229
564 1.33968 1.39349 0.00211071
565 1.36761 1.39344 0.00210747
566 1.42459 1.3935 0.00210446
567 1.38194 1.39347 0.00210085
568 1.453 1.39358 0.00209977
569 1.38864 1.39357 0.00209609
570 1.42113 1.39362 0.00209297
571 1.39889 1.39363 0.00208933
572 1.36127 1.39357 0.00208644
573 1.33094 1.39346 0.00208566
574 1.32813 1.39335 0.00208513
575 1.32128 1.39322 0.00208527
576 1.32932 1.39311 0.0020846
577 1.37532 1.39308 0.00208121
578 1.39529 1.39309 0.00207761
579 1.41964 1.39313 0.00207453
580 1.43527 1.3932 0.00207223
581 1.42626 1.39326 0.00206944
582 1.42886 1.39332 0.00206679
583 1.48023 1.39347 0.00206861
584 1.44109 1.39355 0.00206668
585 1.43171 1.39362 0.00206417
586 1.38134 1.3936 0.00206076
587 1.35695 1.39353 0.00205819
588 1.43743 1.39361 0.00205605
589 1.45491 1.39371 0.00205519
590 1.44082 1.39379 0.00205326
591 1.38204 1.39377 0.00204988
592 1.42234 1.39382 0.00204698
593 1.44459 1.39391 0.00204532
594 1.40406 1.39392 0.00204195
595 1.42707 1.39398 0.00203928
596 1.39049 1.39397 0.00203586
597 1.35724 1.39391 0.00203338
598 1.52311 1.39413 0.00204143
599 1.37442 1.3941 0.00203829
600 1.35129 1.39402 0.00203614
601 1.30909 1.39388 0.00203765
602 1.37569 1.39385 0.00203449
603 1.42187 1.3939 0.00203164
604 1.39564 1.3939 0.00202828
605 1.43498 1.39397 0.00202607
606 1.42442 1.39402 0.00202334
607 1.40062 1.39403 0.00202004
608 1.40112 1.39404 0.00201675
609 1.37695 1.39401 0.00201364
610 1.42437 1.39406 0.00201095
611 1.42658 1.39412 0.00200836
612 1.38613 1.3941 0.00200512
613 1.44764 1.39419 0.00200375
614 1.45282 1.39429 0.00200276
615 1.44909 1.39438 0.00200149
616 1.41736 1.39441 0.00199859
617 1.36863 1.39437 0.00199579
618 1.43159 1.39443 0.00199346
619 1.47381 1.39456 0.00199436
620 1.43989 1.39463 0.00199249
621 1.47132 1.39476 0.0019931
622 1.45766 1.39486 0.00199246
623 1.44781 1.39494 0.00199107
624 1.38047 1.39492 0.00198802
625 1.42986 1.39498 0.00198562
626 1.39829 1.39498 0.00198246
627 1.43895 1.39505 0.00198054
628 1.43865 1.39512 0.0019786
629 1.35936 1.39506 0.00197627
630 1.36183 1.39501 0.00197384
631 1.40582 1.39503 0.00197079
632 1.38024 1.395 0.00196781
633 1.36591 1.39496 0.00196523
634 1.37473 1.39493 0.00196239
635 1.4466 1.39501 0.00196099
636 1.37722 1.39498 0.00195811
637 1.335 1.39489 0.00195729
638 1.32829 1.39478 0.00195701
639 1.42015 1.39482 0.00195435
640 1.42828 1.39487 0.00195199
641 1.36725 1.39483 0.00194942
642 1.40725 1.39485 0.00194648
643 1.41061 1.39487 0.00194361
644 1.30318 1.39473 0.0019458
645 1.29667 1.39458 0.00194871
646 1.33841 1.39449 0.00194764
647 1.42457 1.39454 0.00194518
648 1.40545 1.39456 0.00194225
649 1.37183 1.39452 0.00193958
650 1.33413 1.39443 0.00193882
651 1.38472 1.39441 0.00193589
652 1.43974 1.39448 0.00193417
653 1.40641 1.3945 0.0019313
654 1.38974 1.39449 0.00192836
655 1.388 1.39448 0.00192544
656 1.35478 1.39442 0.00192346
657 1.44925 1.39451 0.00192234
658 1.42755 1.39456 0.00192007
659 1.42857 1.39461 0.00191785
660 1.395 1.39461 0.00191495
661 1.33763 1.39452 0.00191399
662 1.33716 1.39444 0.00191306
663 1.40116 1.39445 0.0019102
664 1.39161 1.39444 0.00190733
665 1.39892 1.39445 0.00190447
666 1.43048 1.3945 0.00190238
667 1.44019 1.39457 0.00190076
668 1.41142 1.3946 0.00189808
669 1.4579 1.39469 0.0018976
670 1.41822 1.39473 0.00189509
671 1.39703 1.39473 0.00189227
672 1.3861 1.39472 0.0018895
673 1.41732 1.39475 0.00188699
674 1.35982 1.3947 0.0018849
675 1.28741 1.39454 0.0018888
676 1.30477 1.39441 0.00189067
677 1.34608 1.39434 0.00188922
678 1.27616 1.39416 0.00189446
679 1.22515 1.39391 0.00190795
680 1.21822 1.39365 0.00192256
681 1.26771 1.39347 0.00192861
682 1.21754 1.39321 0.00194296
683 1.29937 1.39307 0.00194497
684 1.34021 1.393 0.00194366
685 1.38987 1.39299 0.00194083
686 1.32421 1.39289 0.00194059
687 1.37765 1.39287 0.00193789
688 1.34954 1.39281 0.0019361
689 1.44314 1.39288 0.00193466
690 1.39213 1.39288 0.00193186
691 1.27794 1.39271 0.00193621
692 1.24236 1.3925 0.00194557
693 1.33861 1.39242 0.00194431
694 1.40428 1.39243 0.00194159
695 1.3097 1.39232 0.00194244
696 1.36591 1.39228 0.00194002
697 1.39414 1.39228 0.00193724
698 1.38836 1.39227 0.00193447
699 1.37581 1.39225 0.00193185
700 1.42687 1.3923 0.00192972
701 1.43581 1.39236 0.00192796
702 1.42089 1.3924 0.00192565
703 1.50033 1.39256 0.00192902
704 1.46884 1.39267 0.00192932
705 1.44392 1.39274 0.00192795
706 1.40645 1.39276 0.00192532
707 1.39193 1.39276 0.00192259
708 1.38099 1.39274 0.00191995
709 1.40753 1.39276 0.00191736
710 1.47925 1.39288 0.00191852
711 1.56808 1.39313 0.00193158
712 1.54478 1.39334 0.00194058
713 1.39773 1.39335 0.00193787
714 1.44062 1.39341 0.00193628
715 1.46701 1.39352 0.00193631
716 1.49509 1.39366 0.00193879
717 1.49184 1.3938 0.00194092
718 1.48072 1.39392 0.00194199
719 1.45945 1.39401 0.00194142
720 1.44975 1.39409 0.00194027
721 1.38602 1.39407 0.00193761
722 1.39754 1.39408 0.00193493
723 1.46284 1.39417 0.00193459
724 1.42083 1.39421 0.00193227
725 1.41906 1.39425 0.00192991
726 1.45785 1.39433 0.00192924
727 1.51028 1.39449 0.00193317
728 1.47552 1.3946 0.00193371
729 1.46377 1.3947 0.00193339
730 1.42527 1.39474 0.00193119
731 1.42038 1.39478 0.00192887
732 1.41948 1.39481 0.00192653
733 1.4498 1.39488 0.00192536
734 1.46364 1.39498 0.00192501
735 1.46042 1.39507 0.00192445
736 1.44152 1.39513 0.00192287
737 1.48888 1.39526 0.00192447
738 1.5035 1.3954 0.00192744
739 1.50019 1.39555 0.00193004
740 1.38728 1.39553 0.00192746
741 1.41629 1.39556 0.00192507
742 1.38234 1.39554 0.00192255
743 1.46069 1.39563 0.00192197
744 1.44954 1.3957 0.00192075
745 1.44309 1.39577 0.00191922
746 1.42659 1.39581 0.00191709
747 1.46312 1.3959 0.00191664
748 1.38856 1.39589 0.00191411
749 1.40997 1.39591 0.00191164
750 1.4533 1.39599 0.00191063
751 1.36553 1.39594 0.00190851
752 1.42576 1.39598 0.00190639
753 1.5056 1.39613 0.0019094
754 1.47028 1.39623 0.0019094
755 1.38286 1.39621 0.00190696
756 1.38659 1.3962 0.00190448
757 1.39431 1.3962 0.00190196
758 1.35906 1.39615 0.00190008
759 1.37444 1.39612 0.0018978
760 1.43748 1.39617 0.00189608
761 1.35351 1.39612 0.00189442
762 1.33007 1.39603 0.00189391
763 1.38254 1.39601 0.00189151
764 1.34485 1.39595 0.00189022
765 1.36247 1.3959 0.00188826
766 1.40601 1.39591 0.00188584
767 1.32795 1.39583 0.00188546
768 1.34121 1.39575 0.00188435
769 1.31425 1.39565 0.00188487
770 1.30603 1.39553 0.00188602
771 1.33953 1.39546 0.00188497
772 1.39432 1.39546 0.00188253
773 1.39484 1.39546 0.00188009
774 1.3732 1.39543 0.00187788
775 1.49111 1.39555 0.00187951
776 1.40543 1.39556 0.00187713
777 1.42468 1.3956 0.00187509
778 1.49652 1.39573 0.00187716
779 1.4949 1.39586 0.00187906
780 1.50335 1.396 0.0018817
781 1.40225 1.39601 0.00187931
782 1.4204 1.39604 0.00187717
783 1.4171 1.39606 0.00187496
784 1.40892 1.39608 0.00187264
785 1.42743 1.39612 0.00187068
786 1.47846 1.39622 0.00187123
787 1.39697 1.39623 0.00186885
788 1.42285 1.39626 0.00186679
789 1.44985 1.39633 0.00186566
790 1.38831 1.39632 0.00186332
791 1.40908 1.39633 0.00186104
792 1.41942 1.39636 0.00185892
793 1.44581 1.39642 0.00185762
794 1.42541 1.39646 0.00185564
795 1.37626 1.39644 0.00185348
796 1.44186 1.39649 0.00185203
797 1.54237 1.39668 0.00185873
798 1.50424 1.39681 0.00186128
799 1.49034 1.39693 0.00186263
800 1.46912 1.39702 0.00186248
801 1.39828 1.39702 0.00186016
802 1.38597 1.39701 0.00185789
803 1.42045 1.39703 0.0018558
804 1.44818 1.3971 0.00185459
805 1.36502 1.39706 0.00185271
806 1.37107 1.39703 0.00185069
807 1.32526 1.39694 0.00185053
808 1.29122 1.39681 0.00185286
809 1.27654 1.39666 0.00185653
810 1.27257 1.3965 0.00186054
811 1.28636 1.39637 0.0018632
812 1.25431 1.39619 0.0018691
813 1.3065 1.39608 0.00187006
814 1.31031 1.39598 0.00187073
815 1.34667 1.39592 0.00186941
816 1.31639 1.39582 0.00186966
817 1.3727 1.39579 0.00186758
818 1.38137 1.39577 0.00186538
819 1.36495 1.39574 0.00186348
820 1.3866 1.39573 0.00186124
821 1.37646 1.3957 0.00185913
822 1.4423 1.39576 0.00185773
823 1.41432 1.39578 0.00185561
824 1.35455 1.39573 0.00185403
825 1.35511 1.39568 0.00185244
826 1.33721 1.39561 0.00185155
827 1.41406 1.39563 0.00184944
828 1.33492 1.39556 0.00184866
829 1.34787 1.3955 0.00184733
830 1.37842 1.39548 0.00184521
831 1.40399 1.39549 0.00184302
832 1.40221 1.3955 0.00184083
833 1.35189 1.39545 0.00183936
834 1.30549 1.39534 0.00184031
835 1.31137 1.39524 0.00184086
836 1.28934 1.39511 0.00184301
837 1.32563 1.39503 0.00184267
838 1.33483 1.39496 0.00184187
839 1.37082 1.39493 0.0018399
840 1.40449 1.39494 0.00183775
841 1.40589 1.39495 0.00183561
842 1.45287 1.39502 0.00183472
843 1.47358 1.39512 0.00183491
844 1.50907 1.39525 0.00183769
845 1.41101 1.39527 0.00183561
846 1.39526 1.39527 0.00183344
847 1.47177 1.39536 0.0018335
848 1.45232 1.39543 0.00183257
849 1.37506 1.3954 0.00183057
850 1.39187 1.3954 0.00182842
851 1.29448 1.39528 0.00183011
852 1.33839 1.39521 0.00182918
853 1.36615 1.39518 0.00182735
854 1.31997 1.39509 0.00182734
855 1.39202 1.39509 0.0018252
856 1.39233 1.39508 0.00182307
857 1.36182 1.39505 0.00182136
858 1.34032 1.39498 0.00182035
859 1.32346 1.3949 0.00182014
860 1.43191 1.39494 0.00181853
861 1.44347 1.395 0.00181729
862 1.36895 1.39497 0.00181543
863 1.4398 1.39502 0.00181407
864 1.46166 1.3951 0.00181361
865 1.41283 1.39512 0.00181163
866 1.3686 1.39509 0.0018098
867 1.37608 1.39506 0.00180784
868 1.33585 1.395 0.00180705
869 1.3824 1.39498 0.00180502
870 1.34369 1.39492 0.00180391
871 1.4044 1.39493 0.00180187
872 1.40409 1.39494 0.00179984
873 1.41488 1.39497 0.00179792
874 1.39681 1.39497 0.00179587
875 1.43018 1.39501 0.00179426
876 1.37952 1.39499 0.0017923
877 1.36921 1.39496 0.0017905
878 1.31322 1.39487 0.00179088
879 1.33072 1.3948 0.00179033
880 1.29584 1.39468 0.00179182
881 1.2987 1.39458 0.0017931
882 1.3028 1.39447 0.00179408
883 1.33677 1.39441 0.00179324
884 1.35014 1.39436 0.00179191
885 1.40574 1.39437 0.00178993
886 1.44265 1.39442 0.00178874
887 1.42103 1.39445 0.00178698
888 1.47252 1.39454 0.00178712
889 1.41554 1.39456 0.00178527
890 1.3548 1.39452 0.00178382
891 1.33595 1.39445 0.00178303
892 1.3094 1.39436 0.00178358
893 1.32507 1.39428 0.00178327
894 1.38473 1.39427 0.00178131
895 1.36884 1.39424 0.00177954
896 1.33772 1.39418 0.00177868
897 1.35694 1.39414 0.00177718
898 1.30855 1.39404 0.00177775
899 1.33332 1.39397 0.00177706
900 1.25998 1.39383 0.00178131
901 1.42626 1.39386 0.0017797
902 1.30069 1.39376 0.00178072
903 1.31128 1.39367 0.00178109
904 1.35169 1.39362 0.00177972
905 1.35709 1.39358 0.00177821
906 1.40597 1.39359 0.0017763
907 1.43262 1.39364 0.00177487
908 1.42438 1.39367 0.00177323
909 1.40847 1.39369 0.00177136
910 1.41172 1.39371 0.00176952
911 1.41069 1.39373 0.00176768
912 1.31951 1.39364 0.00176761
913 1.38301 1.39363 0.00176571
914 1.39965 1.39364 0.00176379
915 1.34758 1.39359 0.00176259
916 1.38935 1.39358 0.00176067
917 1.41552 1.39361 0.00175891
918 1.40737 1.39362 0.00175706
919 1.46351 1.3937 0.00175679
920 1.45484 1.39377 0.00175614
921 1.4129 1.39379 0.00175435
922 1.39087 1.39378 0.00175245
923 1.38961 1.39378 0.00175056
924 1.44123 1.39383 0.00174942
925 1.34011 1.39377 0.00174849
926 1.33715 1.39371 0.00174767
927 1.33112 1.39364 0.00174709
928 1.34089 1.39359 0.00174613
929 1.43667 1.39363 0.00174487
930 1.41792 1.39366 0.00174319
931 1.39068 1.39366 0.00174132
932 1.49125 1.39376 0.0017426
933 1.41118 1.39378 0.00174083
934 1.39635 1.39378 0.00173897
935 1.47357 1.39387 0.0017392
936 1.41297 1.39389 0.00173746
937 1.39399 1.39389 0.00173561
938 1.3357 1.39383 0.00173486
939 1.29612 1.39372 0.00173613
940 1.40431 1.39373 0.00173432
941 1.4004 1.39374 0.0017325
942 1.37466 1.39372 0.00173077
943 1.37991 1.39371 0.001729
944 1.36416 1.39367 0.00172745
945 1.4149 1.3937 0.00172577
946 1.39331 1.3937 0.00172395
947 1.48186 1.39379 0.00172464
948 1.47354 1.39387 0.00172487
949 1.45673 1.39394 0.00172432
950 1.46647 1.39402 0.0017242
951 1.4757 1.3941 0.00172452
952 1.42528 1.39413 0.00172302
953 1.33678 1.39407 0.00172226
954 1.42194 1.3941 0.00172071
955 1.43028 1.39414 0.00171932
956 1.36357 1.39411 0.00171782
957 1.36948 1.39408 0.00171622
958 1.32415 1.39401 0.00171598
959 1.33919 1.39395 0.00171514
960 1.40127 1.39396 0.00171337
961 1.37047 1.39394 0.00171176
962 1.37416 1.39392 0.00171011
963 1.3195 1.39384 0.00171008
964 1.37693 1.39382 0.00170839
965 1.3721 1.3938 0.00170677
966 1.36025 1.39376 0.00170536
967 1.40588 1.39378 0.00170364
968 1.38591 1.39377 0.0017019
969 1.30624 1.39368 0.00170254
970 1.37412 1.39366 0.0017009
971 1.42642 1.39369 0.00169949
972 1.37624 1.39367 0.00169783
973 1.41644 1.3937 0.00169625
974 1.43559 1.39374 0.00169505
975 1.42397 1.39377 0.0016936
976 1.43343 1.39381 0.00169235
977 1.38134 1.3938 0.00169066
978 1.39416 1.3938 0.00168894
979 1.33409 1.39374 0.00168831
980 1.32939 1.39367 0.00168787
981 1.38377 1.39366 0.00168617
982 1.36968 1.39364 0.00168463
983 1.39798 1.39364 0.00168293
984 1.35477 1.3936 0.00168168
985 1.43276 1.39364 0.00168044
986 1.44646 1.3937 0.00167959
987 1.40892 1.39371 0.00167796
988 1.43165 1.39375 0.0016767
989 1.47116 1.39383 0.00167683
990 1.39811 1.39383 0.00167514
991 1.42598 1.39387 0.00167377
992 1.36027 1.39383 0.00167242
993 1.37508 1.39381 0.00167085
994 1.38519 1.3938 0.00166919
995 1.34872 1.39376 0.00166812
996 1.32078 1.39369 0.00166806
997 1.36303 1.39365 0.00166667
998 1.40776 1.39367 0.00166506
999 1.43674 1.39371 0.00166395
1000 1.39979 1.39372 0.0016623
1001 1.42969 1.39375 0.00166102
1002 1.44468 1.3938 0.00166014
1003 1.47906 1.39389 0.00166066
1004 1.41858 1.39391 0.00165919
1005 1.45792 1.39398 0.00165876
1006 1.37811 1.39396 0.00165719
1007 1.42269 1.39399 0.00165579
1008 1.36349 1.39396 0.00165442
1009 1.37948 1.39395 0.00165285
1010 1.37689 1.39393 0.00165129
1011 1.38997 1.39393 0.00164967
1012 1.35248 1.39388 0.00164854
1013 1.39327 1.39388 0.00164692
1014 1.46752 1.39396 0.00164689
1015 1.47532 1.39404 0.00164722
1016 1.47613 1.39412 0.00164758
1017 1.49013 1.39421 0.00164866
1018 1.46266 1.39428 0.00164841
1019 1.44084 1.39432 0.00164743
1020 1.54574 1.39447 0.00165249
1021 1.44015 1.39452 0.00165148
1022 1.40291 1.39453 0.00164988
1023 1.42846 1.39456 0.0016486
1024 1.44828 1.39461 0.00164783
1025 1.52282 1.39474 0.00165096
1026 1.47316 1.39481 0.00165112
1027 1.46073 1.39488 0.00165076
1028 1.43865 1.39492 0.0016497
1029 1.43398 1.39496 0.00164853
1030 1.41544 1.39498 0.00164705
1031 1.40808 1.39499 0.0016455
1032 1.41245 1.39501 0.001644
1033 1.42689 1.39504 0.0016427
1034 1.4171 1.39506 0.00164125
1035 1.41365 1.39508 0.00163976
1036 1.47329 1.39515 0.00163991
1037 1.47905 1.39523 0.00164033
1038 1.54932 1.39538 0.00164545
1039 1.47186 1.39546 0.00164551
1040 1.53901 1.39559 0.00164971
1041 1.47806 1.39567 0.00165002
1042 1.41375 1.39569 0.00164853
1043 1.36135 1.39566 0.00164728
1044 1.31695 1.39558 0.00164743
1045 1.3023 1.39549 0.00164827
1046 1.35986 1.39546 0.00164704
1047 1.44549 1.39551 0.00164616
1048 1.44818 1.39556 0.00164536
1049 1.41909 1.39558 0.00164394
1050 1.4037 1.39559 0.0016424
1051 1.39134 1.39558 0.00164084
1052 1.35979 1.39555 0.00163963
1053 1.42332 1.39558 0.00163829
1054 1.42444 1.3956 0.00163696
1055 1.43559 1.39564 0.00163585
1056 1.48692 1.39573 0.00163658
1057 1.44878 1.39578 0.0016358
1058 1.41711 1.3958 0.00163438
1059 1.37633 1.39578 0.00163294
1060 1.43762 1.39582 0.00163188
1061 1.3774 1.3958 0.00163043
1062 1.39218 1.3958 0.0016289
1063 1.35799 1.39576 0.00162775
1064 1.36769 1.39574 0.00162644
1065 1.28279 1.39563 0.00162837
1066 1.32271 1.39556 0.00162827
1067 1.2928 1.39547 0.00162959
1068 1.32045 1.39539 0.00162958
1069 1.36421 1.39537 0.00162832
1070 1.35724 1.39533 0.00162719
1071 1.39098 1.39533 0.00162567
1072 1.42371 1.39535 0.00162437
1073 1.448 1.3954 0.0016236
1074 1.45136 1.39545 0.00162292
1075 1.44995 1.3955 0.0016222
1076 1.40502 1.39551 0.00162072
1077 1.40616 1.39552 0.00161925
1078 1.4571 1.39558 0.00161875
1079 1.46316 1.39564 0.00161846
1080 1.41711 1.39566 0.00161708
1081 1.34234 1.39561 0.00161634
1082 1.36354 1.39558 0.00161512
1083 1.4086 1.3956 0.00161367
1084 1.42028 1.39562 0.00161234
1085 1.45736 1.39568 0.00161186
1086 1.44365 1.39572 0.00161098
1087 1.45563 1.39577 0.00161044
1088 1.4125 1.39579 0.00160904
1089 1.42458 1.39582 0.00160778
1090 1.45182 1.39587 0.00160712
1091 1.43836 1.39591 0.00160612
1092 1.46295 1.39597 0.00160582
1093 1.44138 1.39601 0.00160489
1094 1.43116 1.39604 0.00160375
1095 1.39297 1.39604 0.00160228
1096 1.43222 1.39607 0.00160116
1097 1.45197 1.39612 0.00160051
1098 1.44476 1.39617 0.00159967
1099 1.38838 1.39616 0.00159823
1100 1.40389 1.39617 0.00159679
1101 1.36302 1.39614 0.00159562
1102 1.42718 1.39617 0.00159442
1103 1.48345 1.39624 0.00159494
1104 1.45677 1.3963 0.00159444
1105 1.45494 1.39635 0.00159388
1106 1.40414 1.39636 0.00159245
1107 1.37532 1.39634 0.00159113
1108 1.30598 1.39626 0.00159178
1109 1.42233 1.39628 0.00159052
1110 1.38582 1.39627 0.00158911
1111 1.3986 1.39628 0.00158769
1112 1.37727 1.39626 0.00158635
1113 1.35343 1.39622 0.00158539
1114 1.40852 1.39623 0.00158401
1115 1.34494 1.39618 0.00158325
1116 1.30117 1.3961 0.00158412
1117 1.34825 1.39606 0.00158328
1118 1.31992 1.39599 0.00158333
1119 1.31723 1.39592 0.00158348
1120 1.36722 1.39589 0.00158227
1121 1.35014 1.39585 0.00158139
1122 1.42862 1.39588 0.00158025
1123 1.38589 1.39587 0.00157887
1124 1.36164 1.39584 0.00157776
1125 1.38617 1.39583 0.00157638
1126 1.36307 1.3958 0.00157524
1127 1.31184 1.39573 0.00157561
1128 1.37479 1.39571 0.00157432
1129 1.38938 1.39571 0.00157294
1130 1.3959 1.39571 0.00157154
1131 1.42371 1.39573 0.00157035
1132 1.31484 1.39566 0.00157059
1133 1.38368 1.39565 0.00156924
1134 1.38015 1.39563 0.00156791
1135 1.39627 1.39563 0.00156653
1136 1.38058 1.39562 0.00156521
1137 1.30762 1.39554 0.00156574
1138 1.24768 1.39541 0.00156975
1139 1.31437 1.39534 0.00156998
1140 1.32933 1.39529 0.00156967
1141 1.32568 1.39522 0.00156948
1142 1.397 1.39523 0.00156811
1143 1.40063 1.39523 0.00156674
1144 1.43847 1.39527 0.00156583
1145 1.47499 1.39534 0.00156601
1146 1.4286 1.39537 0.00156491
1147 1.38721 1.39536 0.00156356
1148 1.4065 1.39537 0.00156223
1149 1.44938 1.39542 0.00156158
1150 1.39933 1.39542 0.00156023
1151 1.42545 1.39545 0.00155909
1152 1.38359 1.39544 0.00155777
1153 1.31679 1.39537 0.00155791
1154 1.33459 1.39531 0.00155745
1155 1.33521 1.39526 0.00155697
1156 1.31268 1.39519 0.00155726
1157 1.41034 1.3952 0.00155597
1158 1.41581 1.39522 0.00155473
1159 1.34428 1.39518 0.00155401
1160 1.35793 1.39515 0.001553
1161 1.40397 1.39515 0.00155168
1162 1.32018 1.39509 0.00155169
1163 1.35875 1.39506 0.00155067
1164 1.33954 1.39501 0.00155007
1165 1.39738 1.39501 0.00154874
1166 1.40411 1.39502 0.00154743
1167 1.42955 1.39505 0.00154639
1168 1.40467 1.39506 0.00154509
1169 1.39916 1.39506 0.00154377
1170 1.3856 1.39505 0.00154247
1171 1.39863 1.39506 0.00154116
1172 1.44488 1.3951 0.00154043
1173 1.49033 1.39518 0.00154125
1174 1.41311 1.3952 0.00154002
1175 1.38273 1.39518 0.00153874
1176 1.36497 1.39516 0.00153765
1177 1.33833 1.39511 0.0015371
1178 1.3725 1.39509 0.00153591
1179 1.36855 1.39507 0.00153478
1180 1.36601 1.39504 0.00153367
1181 1.34445 1.395 0.00153297
1182 1.41555 1.39502 0.00153177
1183 1.45203 1.39507 0.00153124
1184 1.35396 1.39503 0.00153034
1185 1.35565 1.395 0.00152941
1186 1.39768 1.395 0.00152812
1187 1.42199 1.39502 0.001527
1188 1.36031 1.395 0.00152599
1189 1.33092 1.39494 0.00152566
1190 1.41772 1.39496 0.0015245
1191 1.33255 1.39491 0.00152412
1192 1.39469 1.39491 0.00152284
1193 1.33933 1.39486 0.00152228
1194 1.37231 1.39484 0.00152112
1195 1.3945 1.39484 0.00151985
1196 1.42094 1.39486 0.00151873
1197 1.38651 1.39486 0.00151748
1198 1.38644 1.39485 0.00151623
1199 1.40144 1.39486 0.00151498
1200 1.37222 1.39484 0.00151383
1201 1.31919 1.39477 0.00151388
1202 1.2777 1.39468 0.00151575
1203 1.36208 1.39465 0.00151473
1204 1.4314 1.39468 0.00151378
1205 1.44384 1.39472 0.00151308
1206 1.39865 1.39472 0.00151182
1207 1.37998 1.39471 0.00151062
1208 1.33849 1.39466 0.00151009
1209 1.35695 1.39463 0.00150916
1210 1.34175 1.39459 0.00150855
1211 1.29369 1.39451 0.0015096
1212 1.32143 1.39445 0.00150956
1213 1.39314 1.39445 0.00150831
1214 1.38112 1.39443 0.00150711
1215 1.39251 1.39443 0.00150587
1216 1.34174 1.39439 0.00150526
1217 1.37333 1.39437 0.00150412
1218 1.42204 1.39439 0.00150306
1219 1.43259 1.39443 0.00150215
1220 1.43744 1.39446 0.00150133
1221 1.42738 1.39449 0.00150034
1222 1.35928 1.39446 0.00149939
1223 1.36222 1.39443 0.0014984
1224 1.33289 1.39438 0.00149802
1225 1.4166 1.3944 0.0014969
1226 1.3787 1.39439 0.00149574
1227 1.44338 1.39443 0.00149505
1228 1.35692 1.3944 0.00149415
1229 1.40408 1.39441 0.00149295
1230 1.34171 1.39436 0.00149235
1231 1.3485 1.39433 0.0014916
1232 1.28774 1.39424 0.0014929
1233 1.36956 1.39422 0.00149182
1234 1.39988 1.39422 0.00149062
1235 1.34817 1.39419 0.00148988
1236 1.33393 1.39414 0.00148947
1237 1.43078 1.39417 0.00148856
1238 1.43212 1.3942 0.00148768
1239 1.41731 1.39422 0.00148659
1240 1.36081 1.39419 0.00148564
1241 1.38953 1.39419 0.00148445
1242 1.41279 1.3942 0.00148333
1243 1.42507 1.39423 0.00148234
1244 1.43735 1.39426 0.00148155
1245 1.40629 1.39427 0.0014804
1246 1.38128 1.39426 0.00147924
1247 1.42118 1.39428 0.00147822
1248 1.4237 1.3943 0.00147722
1249 1.42947 1.39433 0.00147631
1250 1.38679 1.39433 0.00147514
1251 1.43152 1.39436 0.00147426
1252 1.42408 1.39438 0.00147327
1253 1.45022 1.39442 0.00147277
1254 1.43726 1.39446 0.00147199
1255 1.42556 1.39448 0.00147103
1256 1.45886 1.39453 0.00147075
1257 1.49396 1.39461 0.0014717
1258 1.5091 1.3947 0.00147334
1259 1.42055 1.39473 0.00147232
1260 1.4051 1.39473 0.00147117
1261 1.4349 1.39477 0.00147035
1262 1.40223 1.39477 0.0014692
1263 1.42292 1.39479 0.0014682
1264 1.3704 1.39477 0.00146717
1265 1.40852 1.39479 0.00146605
1266 1.40858 1.3948 0.00146493
1267 1.37547 1.39478 0.00146385
1268 1.38203 1.39477 0.00146273
1269 1.40458 1.39478 0.0014616
1270 1.39844 1.39478 0.00146045
1271 1.36093 1.39475 0.00145955
1272 1.33472 1.39471 0.00145916
1273 1.4121 1.39472 0.00145808
1274 1.37845 1.39471 0.00145699
1275 1.39119 1.39471 0.00145585
1276 1.42305 1.39473 0.00145488
1277 1.35544 1.3947 0.00145407
1278 1.36161 1.39467 0.00145316
1279 1.4115 1.39468 0.00145208
1280 1.34794 1.39465 0.00145141
1281 1.38868 1.39464 0.00145028
1282 1.36474 1.39462 0.00144934
1283 1.3777 1.39461 0.00144827
1284 1.41851 1.39463 0.00144726
1285 1.38392 1.39462 0.00144616
1286 1.37895 1.3946 0.00144508
1287 1.42522 1.39463 0.00144416
1288 1.41809 1.39465 0.00144315
1289 1.36922 1.39463 0.00144217
1290 1.36459 1.3946 0.00144124
1291 1.30614 1.39454 0.00144175
1292 1.31071 1.39447 0.00144209
1293 1.39046 1.39447 0.00144098
1294 1.41373 1.39448 0.00143994
1295 1.42156 1.3945 0.00143898
1296 1.33997 1.39446 0.00143849
1297 1.38144 1.39445 0.00143741
1298 1.35839 1.39442 0.00143657
1299 1.37102 1.39441 0.00143558
1300 1.36103 1.39438 0.00143471
1301 1.29877 1.39431 0.00143548
1302 1.35378 1.39428 0.00143472
1303 1.37672 1.39426 0.00143368
1304 1.40565 1.39427 0.00143261
1305 1.40907 1.39428 0.00143156
1306 1.36102 1.39426 0.00143069
1307 1.39325 1.39426 0.00142959
1308 1.34803 1.39422 0.00142894
1309 1.38775 1.39422 0.00142785
1310 1.37523 1.3942 0.00142684
1311 1.47859 1.39426 0.0014272
1312 1.39043 1.39426 0.00142611
1313 1.39884 1.39427 0.00142503
1314 1.37287 1.39425 0.00142404
1315 1.36783 1.39423 0.0014231
1316 1.40433 1.39424 0.00142204
1317 1.35176 1.3942 0.00142133
1318 1.39053 1.3942 0.00142025
1319 1.3825 1.39419 0.0014192
1320 1.34795 1.39416 0.00141856
1321 1.36751 1.39414 0.00141763
1322 1.3978 1.39414 0.00141656
1323 1.39505 1.39414 0.00141549
1324 1.41233 1.39415 0.00141448
1325 1.38656 1.39415 0.00141343
1326 1.37804 1.39414 0.00141241
1327 1.41685 1.39415 0.00141145
1328 1.41751 1.39417 0.0014105
1329 1.41159 1.39418 0.0014095
1330 1.32351 1.39413 0.00140944
1331 1.33829 1.39409 0.00140901
1332 1.33197 1.39404 0.00140872
1333 1.35238 1.39401 0.00140801
1334 1.46489 1.39407 0.00140796
1335 1.47306 1.39412 0.00140815
1336 1.37363 1.39411 0.00140718
1337 1.38428 1.3941 0.00140614
1338 1.38431 1.39409 0.00140511
1339 1.37169 1.39408 0.00140416
1340 1.43479 1.39411 0.00140344
1341 1.40771 1.39412 0.00140243
1342 1.36381 1.3941 0.00140157
1343 1.34426 1.39406 0.00140102
1344 1.37813 1.39405 0.00140002
1345 1.33753 1.394 0.00139961
1346 1.39048 1.394 0.00139858
1347 1.38174 1.39399 0.00139757
1348 1.40405 1.394 0.00139655
1349 1.44261 1.39404 0.00139598
1350 1.45712 1.39408 0.00139573
1351 1.43761 1.39412 0.00139507
1352 1.44842 1.39416 0.00139461
1353 1.44859 1.3942 0.00139416
1354 1.3669 1.39418 0.00139328
1355 1.38873 1.39417 0.00139226
1356 1.44809 1.39421 0.0013918
1357 1.36251 1.39419 0.00139097
1358 1.39473 1.39419 0.00138994
1359 1.39818 1.39419 0.00138892
1360 1.37524 1.39418 0.00138797
1361 1.4103 1.39419 0.001387
1362 1.38228 1.39418 0.00138601
1363 1.34244 1.39414 0.00138551
1364 1.30972 1.39408 0.00138588
1365 1.45423 1.39412 0.00138557
1366 1.43537 1.39415 0.00138488
1367 1.4299 1.39418 0.00138411
1368 1.42226 1.3942 0.00138325
1369 1.42711 1.39423 0.00138245
1370 1.38707 1.39422 0.00138145
1371 1.33417 1.39418 0.00138114
1372 1.44908 1.39422 0.00138071
1373 1.39966 1.39422 0.00137971
1374 1.42171 1.39424 0.00137885
1375 1.45438 1.39428 0.00137854
1376 1.51175 1.39437 0.00138018
1377 1.42852 1.39439 0.0013794
1378 1.42104 1.39441 0.00137854
1379 1.44136 1.39445 0.00137796
1380 1.42713 1.39447 0.00137716
1381 1.44317 1.39451 0.00137662
1382 1.36313 1.39448 0.00137581
1383 1.3798 1.39447 0.00137486
1384 1.40195 1.39448 0.00137387
1385 1.39466 1.39448 0.00137288
1386 1.36369 1.39446 0.00137207
1387 1.32552 1.39441 0.00137198
1388 1.34623 1.39437 0.00137143
1389 1.31503 1.39432 0.00137163
1390 1.31189 1.39426 0.00137193
1391 1.33868 1.39422 0.00137152
1392 1.30637 1.39415 0.00137199
1393 1.34446 1.39412 0.00137147
1394 1.28334 1.39404 0.00137278
1395 1.3303 1.39399 0.00137256
1396 1.35466 1.39396 0.00137187
1397 1.43735 1.39399 0.00137124
1398 1.39769 1.394 0.00137026
1399 1.34017 1.39396 0.00136982
1400 1.33522 1.39392 0.00136948
1401 1.32287 1.39387 0.00136944
1402 1.31233 1.39381 0.0013697
1403 1.38413 1.3938 0.00136874
1404 1.42729 1.39383 0.00136797
1405 1.45199 1.39387 0.00136763
1406 1.44761 1.3939 0.00136719
1407 1.41208 1.39392 0.00136628
1408 1.43097 1.39394 0.00136556
1409 1.42101 1.39396 0.00136473
1410 1.44507 1.394 0.00136424
1411 1.43818 1.39403 0.00136363
1412 1.47919 1.39409 0.001364
1413 1.46033 1.39414 0.00136384
1414 1.47817 1.3942 0.00136417
1415 1.45207 1.39424 0.00136382
1416 1.36591 1.39422 0.001363
1417 1.34287 1.39418 0.00136252
1418 1.37612 1.39417 0.00136162
1419 1.32484 1.39412 0.00136154
1420 1.42461 1.39414 0.00136075
1421 1.37336 1.39413 0.00135987
1422 1.38046 1.39412 0.00135895
1423 1.34378 1.39408 0.00135845
1424 1.34687 1.39405 0.0013579
1425 1.36742 1.39403 0.00135708
1426 1.37768 1.39402 0.00135617
1427 1.33939 1.39398 0.00135576
1428 1.35877 1.39396 0.00135504
1429 1.28885 1.39388 0.00135609
1430 1.30565 1.39382 0.00135654
1431 1.35097 1.39379 0.00135592
1432 1.39318 1.39379 0.00135498
1433 1.36066 1.39377 0.00135423
1434 1.30136 1.3937 0.00135482
1435 1.31039 1.39364 0.00135512
1436 1.3773 1.39363 0.00135422
1437 1.32079 1.39358 0.00135423
1438 1.33649 1.39354 0.00135387
1439 1.28638 1.39347 0.00135497
1440 1.25453 1.39337 0.00135746
1441 1.32677 1.39333 0.00135731
1442 1.41111 1.39334 0.00135642
1443 1.36542 1.39332 0.00135562
1444 1.37782 1.39331 0.00135472
1445 1.37131 1.39329 0.00135387
1446 1.39972 1.3933 0.00135294
1447 1.39508 1.3933 0.00135201
1448 1.39463 1.3933 0.00135107
1449 1.38551 1.39329 0.00135015
1450 1.38636 1.39329 0.00134923
1451 1.39275 1.39329 0.0013483
1452 1.34921 1.39326 0.00134771
1453 1.39785 1.39326 0.00134679
1454 1.46638 1.39331 0.0013468
1455 1.4681 1.39336 0.00134686
1456 1.44549 1.3934 0.00134641
1457 1.43489 1.39343 0.00134578
1458 1.40369 1.39343 0.00134488
1459 1.39686 1.39344 0.00134396
1460 1.45311 1.39348 0.00134366
1461 1.49448 1.39355 0.00134452
1462 1.45655 1.39359 0.00134429
1463 1.404 1.3936 0.00134339
1464 1.48322 1.39366 0.00134386
1465 1.3874 1.39365 0.00134295
1466 1.41776 1.39367 0.00134214
1467 1.39502 1.39367 0.00134122
1468 1.40273 1.39368 0.00134032
1469 1.37045 1.39366 0.00133951
1470 1.33079 1.39362 0.00133928
1471 1.37476 1.39361 0.00133843
1472 1.4025 1.39361 0.00133753
1473 1.47541 1.39367 0.00133778
1474 1.43218 1.39369 0.00133712
1475 1.46039 1.39374 0.00133698
1476 1.4536 1.39378 0.00133669
1477 1.41471 1.39379 0.00133586
1478 1.33883 1.39376 0.00133547
1479 1.33131 1.39371 0.00133524
1480 1.43358 1.39374 0.00133461
1481 1.39651 1.39374 0.00133371
1482 1.41929 1.39376 0.00133292
1483 1.42055 1.39378 0.00133214
1484 1.42904 1.3938 0.00133146
1485 1.42242 1.39382 0.0013307
1486 1.41628 1.39384 0.00132989
1487 1.4691 1.39389 0.00132996
1488 1.4391 1.39392 0.00132941
1489 1.46593 1.39397 0.0013294
1490 1.35341 1.39394 0.00132879
1491 1.39111 1.39394 0.0013279
1492 1.47234 1.39399 0.00132805
1493 1.44316 1.39402 0.00132756
1494 1.38835 1.39402 0.00132668
1495 1.33674 1.39398 0.00132635
1496 1.33984 1.39394 0.00132595
1497 1.33706 1.39391 0.00132561
1498 1.4014 1.39391 0.00132474
1499 1.4288 1.39393 0.00132406
1500 1.47568 1.39399 0.0013243
1501 1.46199 1.39403 0.00132419
1502 1.413 1.39405 0.00132337
1503 1.43418 1.39407 0.00132276
1504 1.44106 1.3941 0.00132225
1505 1.43903 1.39413 0.0013217
1506 1.42088 1.39415 0.00132095
1507 1.4406 1.39418 0.00132043
1508 1.44698 1.39422 0.00132002
1509 1.47157 1.39427 0.00132014
1510 1.46022 1.39431 0.00131998
1511 1.47051 1.39436 0.00132007
1512 1.43635 1.39439 0.00131949
1513 1.40574 1.3944 0.00131864
1514 1.44734 1.39443 0.00131824
1515 1.51999 1.39452 0.00131997
1516 1.46319 1.39456 0.00131987
1517 1.40245 1.39457 0.00131901
1518 1.38618 1.39456 0.00131816
1519 1.40638 1.39457 0.00131731
1520 1.36971 1.39455 0.00131655
1521 1.3293 1.39451 0.00131638
1522 1.36915 1.39449 0.00131562
1523 1.3433 1.39446 0.00131519
1524 1.3806 1.39445 0.00131435
1525 1.37938 1.39444 0.00131353
1526 1.39103 1.39444 0.00131267
1527 1.33993 1.3944 0.0013123
1528 1.35955 1.39438 0.00131164
1529 1.37941 1.39437 0.00131081
1530 1.35964 1.39435 0.00131015
1531 1.33327 1.39431 0.00130991
1532 1.35473 1.39428 0.00130931
1533 1.35562 1.39426 0.00130869
1534 1.40318 1.39426 0.00130785
1535 1.31869 1.39421 0.00130793
1536 1.34771 1.39418 0.00130743
1537 1.34539 1.39415 0.00130696
1538 1.38398 1.39414 0.00130613
1539 1.40076 1.39415 0.00130529
1540 1.39954 1.39415 0.00130444
1541 1.40694 1.39416 0.00130362
1542 1.37058 1.39415 0.00130287
1543 1.42064 1.39416 0.00130214
1544 1.41492 1.39418 0.00130136
1545 1.44365 1.39421 0.00130092
1546 1.43367 1.39423 0.00130032
1547 1.41164 1.39425 0.00129953
1548 1.37838 1.39423 0.00129873
1549 1.44244 1.39427 0.00129827
1550 1.44393 1.3943 0.00129783
1551 1.41778 1.39431 0.00129708
1552 1.44792 1.39435 0.0012967
1553 1.36158 1.39433 0.00129604
1554 1.36834 1.39431 0.00129531
1555 1.35359 1.39428 0.00129474
1556 1.38553 1.39428 0.00129392
1557 1.35797 1.39425 0.0012933
1558 1.32922 1.39421 0.00129315
1559 1.32717 1.39417 0.00129303
1560 1.31511 1.39412 0.00129319
1561 1.32606 1.39408 0.0012931
1562 1.31748 1.39403 0.0012932
1563 1.29888 1.39397 0.00129381
1564 1.23722 1.39387 0.00129686
1565 1.34086 1.39383 0.00129647
1566 1.37934 1.39382 0.00129567
1567 1.29883 1.39376 0.00129627
1568 1.31981 1.39371 0.0012963
1569 1.32863 1.39367 0.00129613
1570 1.3396 1.39364 0.00129577
1571 1.31222 1.39359 0.00129598
1572 1.37291 1.39357 0.00129522
1573 1.40217 1.39358 0.00129441
1574 1.31032 1.39353 0.00129467
1575 1.36024 1.39351 0.00129402
1576 1.28726 1.39344 0.00129495
1577 1.31674 1.39339 0.00129504
1578 1.40329 1.3934 0.00129424
1579 1.36193 1.39338 0.00129357
1580 1.34214 1.39334 0.00129316
1581 1.38341 1.39334 0.00129235
1582 1.39275 1.39334 0.00129154
1583 1.41823 1.39335 0.00129082
1584 1.44833 1.39339 0.00129047
1585 1.43783 1.39341 0.00128996
1586 1.39534 1.39342 0.00128915
1587 1.44238 1.39345 0.0012887
1588 1.34538 1.39342 0.00128825
1589 1.39511 1.39342 0.00128744
1590 1.42959 1.39344 0.00128683
1591 1.44848 1.39348 0.00128648
1592 1.48766 1.39353 0.00128704
1593 1.42015 1.39355 0.00128634
1594 1.42138 1.39357 0.00128565
1595 1.38648 1.39356 0.00128485
1596 1.39636 1.39357 0.00128405
1597 1.32945 1.39353 0.00128387
1598 1.36098 1.39351 0.00128323
1599 1.38077 1.3935 0.00128245
1600 1.42799 1.39352 0.00128183
1601 1.46608 1.39356 0.00128183
1602 1.40728 1.39357 0.00128106
1603 1.35254 1.39355 0.00128051
1604 1.37093 1.39353 0.00127979
1605 1.39438 1.39353 0.001279
1606 1.38168 1.39353 0.00127822
1607 1.39779 1.39353 0.00127743
1608 1.35608 1.39351 0.00127685
1609 1.41848 1.39352 0.00127615
1610 1.3426 1.39349 0.00127575
1611 1.37514 1.39348 0.00127501
1612 1.44092 1.39351 0.00127455
1613 1.46367 1.39355 0.00127451
1614 1.41445 1.39356 0.00127378
1615 1.38876 1.39356 0.001273
1616 1.42359 1.39358 0.00127235
1617 1.45581 1.39362 0.00127214
1618 1.44541 1.39365 0.00127176
1619 1.39653 1.39365 0.00127097
1620 1.39632 1.39365 0.00127019
1621 1.39807 1.39366 0.00126941
1622 1.36041 1.39364 0.00126879
1623 1.38879 1.39363 0.00126801
1624 1.44314 1.39366 0.0012676
1625 1.44994 1.3937 0.00126729
1626 1.42832 1.39372 0.00126669
1627 1.44351 1.39375 0.00126628
1628 1.40763 1.39376 0.00126553
1629 1.30981 1.39371 0.0012658
1630 1.35365 1.39368 0.00126527
1631 1.34451 1.39365 0.00126485
1632 1.41713 1.39367 0.00126416
1633 1.35871 1.39364 0.00126356
1634 1.36704 1.39363 0.0012629
1635 1.44826 1.39366 0.00126256
1636 1.39939 1.39367 0.0012618
1637 1.43127 1.39369 0.00126124
1638 1.48583 1.39374 0.00126172
1639 1.38775 1.39374 0.00126096
1640 1.45839 1.39378 0.0012608
1641 1.33401 1.39374 0.00126056
1642 1.42893 1.39377 0.00125997
1643 1.43496 1.39379 0.00125946
1644 1.44521 1.39382 0.00125908
1645 1.46437 1.39386 0.00125904
1646 1.41612 1.39388 0.00125835
1647 1.34579 1.39385 0.00125793
1648 1.32068 1.3938 0.00125795
1649 1.43308 1.39383 0.00125741
1650 1.36388 1.39381 0.00125678
1651 1.34097 1.39378 0.00125642
1652 1.40445 1.39378 0.00125568
1653 1.41861 1.3938 0.00125501
1654 1.44459 1.39383 0.00125463
1655 1.4356 1.39386 0.00125412
1656 1.45529 1.39389 0.00125391
1657 1.40284 1.3939 0.00125317
1658 1.44521 1.39393 0.0012528
1659 1.34342 1.3939 0.00125241
1660 1.43832 1.39393 0.00125194
1661 1.40881 1.39393 0.00125122
1662 1.42981 1.39396 0.00125065
1663 1.35786 1.39393 0.00125009
1664 1.42837 1.39396 0.00124951
1665 1.47101 1.394 0.00124962
1666 1.44326 1.39403 0.00124922
1667 1.46589 1.39407 0.00124921
1668 1.43043 1.3941 0.00124865
1669 1.39619 1.3941 0.0012479
1670 1.3865 1.39409 0.00124716
1671 1.40925 1.3941 0.00124645
1672 1.42192 1.39412 0.00124582
1673 1.44891 1.39415 0.0012455
1674 1.4311 1.39417 0.00124495
1675 1.44589 1.3942 0.00124459
1676 1.41142 1.39421 0.00124389
1677 1.44635 1.39425 0.00124354
1678 1.32841 1.39421 0.00124342
1679 1.38843 1.3942 0.00124268
1680 1.38708 1.3942 0.00124195
1681 1.3388 1.39417 0.00124165
1682 1.30285 1.39411 0.0012421
1683 1.32275 1.39407 0.00124208
1684 1.37713 1.39406 0.00124138
1685 1.36824 1.39404 0.00124074
1686 1.39655 1.39404 0.00124001
1687 1.33854 1.39401 0.00123971
1688 1.33907 1.39398 0.0012394
1689 1.36544 1.39396 0.00123878
1690 1.37937 1.39395 0.00123808
1691 1.299 1.3939 0.00123862
1692 1.25563 1.39382 0.00124058
1693 1.30469 1.39376 0.00124097
1694 1.37759 1.39375 0.00124027
1695 1.40004 1.39376 0.00123954
1696 1.36759 1.39374 0.00123891
1697 1.41292 1.39375 0.00123823
1698 1.45686 1.39379 0.00123806
1699 1.41159 1.3938 0.00123737
1700 1.45011 1.39383 0.00123709
1701 1.33394 1.3938 0.00123686
1702 1.32989 1.39376 0.00123671
1703 1.32591 1.39372 0.00123662
1704 1.37799 1.39371 0.00123593
1705 1.39284 1.39371 0.00123521
1706 1.4461 1.39374 0.00123486
1707 1.40816 1.39375 0.00123417
1708 1.38533 1.39375 0.00123346
1709 1.43793 1.39377 0.001233
1710 1.44575 1.3938 0.00123266
1711 1.38042 1.39379 0.00123196
1712 1.44839 1.39383 0.00123166
1713 1.39667 1.39383 0.00123094
1714 1.42495 1.39385 0.00123035
1715 1.39497 1.39385 0.00122964
1716 1.40462 1.39385 0.00122894
1717 1.37126 1.39384 0.00122829
1718 1.40968 1.39385 0.00122761
1719 1.39902 1.39385 0.0012269
1720 1.3441 1.39382 0.00122653
1721 1.39091 1.39382 0.00122582
1722 1.40898 1.39383 0.00122514
1723 1.42526 1.39385 0.00122456
1724 1.43597 1.39387 0.00122409
1725 1.4601 1.39391 0.00122399
1726 1.49122 1.39397 0.00122457
1727 1.46584 1.39401 0.00122457
1728 1.4035 1.39401 0.00122388
1729 1.35335 1.39399 0.00122339
1730 1.39423 1.39399 0.00122269
1731 1.32153 1.39395 0.0012227
1732 1.38141 1.39394 0.00122201
1733 1.34753 1.39392 0.0012216
1734 1.3749 1.3939 0.00122095
1735 1.40689 1.39391 0.00122027
1736 1.4198 1.39393 0.00121965
1737 1.35946 1.39391 0.00121911
1738 1.41576 1.39392 0.00121848
1739 1.43014 1.39394 0.00121795
1740 1.43685 1.39397 0.0012175
1741 1.39699 1.39397 0.0012168
1742 1.3121 1.39392 0.00121701
1743 1.35958 1.3939 0.00121647
1744 1.45711 1.39394 0.00121632
1745 1.42176 1.39395 0.00121572
1746 1.43533 1.39398 0.00121526
1747 1.40879 1.39398 0.00121459
1748 1.4238 1.394 0.00121402
1749 1.39024 1.394 0.00121333
1750 1.44659 1.39403 0.001213
1751 1.41392 1.39404 0.00121237
1752 1.365 1.39402 0.00121179
1753 1.30309 1.39397 0.00121221
1754 1.37714 1.39396 0.00121155
1755 1.3148 1.39392 0.0012117
1756 1.2997 1.39386 0.0012122
1757 1.2932 1.39381 0.00121286
1758 1.33885 1.39378 0.00121257
1759 1.29149 1.39372 0.00121328
1760 1.32239 1.39368 0.00121327
1761 1.3503 1.39365 0.00121283
1762 1.40841 1.39366 0.00121217
1763 1.41588 1.39367 0.00121155
1764 1.36171 1.39366 0.00121099
1765 1.43011 1.39368 0.00121048
1766 1.43526 1.3937 0.00121003
1767 1.39255 1.3937 0.00120934
1768 1.38115 1.39369 0.00120868
1769 1.32478 1.39365 0.00120862
1770 1.36308 1.39364 0.00120806
1771 1.39562 1.39364 0.00120738
1772 1.45666 1.39367 0.00120723
1773 1.4291 1.39369 0.00120671
1774 1.44344 1.39372 0.00120636
1775 1.47501 1.39377 0.00120655
1776 1.48505 1.39382 0.00120696
1777 1.37843 1.39381 0.00120631
1778 1.36898 1.39379 0.00120571
1779 1.33041 1.39376 0.00120556
1780 1.37624 1.39375 0.00120493
1781 1.39221 1.39375 0.00120425
1782 1.40437 1.39375 0.00120359
1783 1.3871 1.39375 0.00120292
1784 1.39698 1.39375 0.00120225
1785 1.42929 1.39377 0.00120174
1786 1.42891 1.39379 0.00120123
1787 1.44132 1.39382 0.00120085
1788 1.43326 1.39384 0.00120038
1789 1.39154 1.39384 0.00119971
1790 1.36862 1.39383 0.00119912
1791 1.35319 1.3938 0.00119867
1792 1.35814 1.39378 0.00119816
1793 1.40397 1.39379 0.00119751
1794 1.4012 1.39379 0.00119685
1795 1.42747 1.39381 0.00119633
1796 1.42955 1.39383 0.00119583
1797 1.42325 1.39385 0.00119527
1798 1.45642 1.39388 0.00119512
1799 1.41899 1.3939 0.00119453
1800 1.39617 1.3939 0.00119387
1801 1.37223 1.39389 0.00119327
1802 1.40031 1.39389 0.00119261
1803 1.38357 1.39388 0.00119196
1804 1.41693 1.3939 0.00119137
1805 1.40867 1.3939 0.00119074
1806 1.44578 1.39393 0.00119043
1807 1.43589 1.39396 0.00118999
1808 1.37795 1.39395 0.00118937
1809 1.44764 1.39398 0.00118908
1810 1.41632 1.39399 0.00118849
1811 1.39963 1.39399 0.00118784
1812 1.40809 1.394 0.00118721
1813 1.35458 1.39398 0.00118675
1814 1.34348 1.39395 0.00118642
1815 1.31532 1.39391 0.00118656
1816 1.25286 1.39383 0.00118845
1817 1.23472 1.39374 0.00119101
1818 1.32693 1.39371 0.00119092
1819 1.31493 1.39366 0.00119106
1820 1.3411 1.39363 0.00119075
1821 1.34264 1.39361 0.00119043
1822 1.33504 1.39357 0.00119021
1823 1.26939 1.3935 0.0011915
1824 1.27817 1.39344 0.00119253
1825 1.28992 1.39338 0.00119322
1826 1.29327 1.39333 0.00119383
1827 1.3273 1.39329 0.00119372
1828 1.33067 1.39326 0.00119356
1829 1.35115 1.39324 0.00119313
1830 1.37488 1.39323 0.00119252
1831 1.37441 1.39322 0.00119191
1832 1.3595 1.3932 0.0011914
1833 1.31766 1.39316 0.00119147
1834 1.27564 1.39309 0.00119254
1835 1.26138 1.39302 0.00119405
1836 1.33961 1.39299 0.00119375
1837 1.37712 1.39298 0.00119313
1838 1.37665 1.39297 0.00119252
1839 1.3018 1.39292 0.0011929
1840 1.33952 1.3929 0.0011926
1841 1.23409 1.39281 0.00119507
1842 1.24433 1.39273 0.00119714
1843 1.20983 1.39263 0.00120059
1844 1.28121 1.39257 0.00120146
1845 1.28581 1.39251 0.0012022
1846 1.32743 1.39248 0.00120207
1847 1.26704 1.39241 0.00120333
1848 1.29779 1.39236 0.00120377
1849 1.35584 1.39234 0.00120328
1850 1.3659 1.39232 0.00120272
1851 1.3142 1.39228 0.00120281
1852 1.35341 1.39226 0.00120234
1853 1.28243 1.3922 0.00120315
1854 1.32711 1.39217 0.00120302
1855 1.38906 1.39216 0.00120237
1856 1.3822 1.39216 0.00120173
1857 1.37877 1.39215 0.00120111
1858 1.36206 1.39213 0.00120057
1859 1.3679 1.39212 0.0012
1860 1.29965 1.39207 0.00120038
1861 1.28565 1.39201 0.0012011
1862 1.25347 1.39194 0.00120275
1863 1.31211 1.3919 0.00120287
1864 1.31825 1.39186 0.00120287
1865 1.31422 1.39182 0.00120295
1866 1.36904 1.3918 0.00120237
1867 1.37541 1.3918 0.00120175
1868 1.37232 1.39179 0.00120116
1869 1.40645 1.39179 0.00120054
1870 1.37333 1.39178 0.00119994
1871 1.35574 1.39176 0.00119945
1872 1.35717 1.39175 0.00119895
1873 1.37814 1.39174 0.00119833
1874 1.36949 1.39173 0.00119775
1875 1.4482 1.39176 0.00119749
1876 1.45373 1.39179 0.00119731
1877 1.40904 1.3918 0.00119671
1878 1.42649 1.39182 0.00119621
1879 1.41553 1.39183 0.00119564
1880 1.49715 1.39189 0.00119632
1881 1.46944 1.39193 0.00119639
1882 1.4216 1.39194 0.00119586
1883 1.42122 1.39196 0.00119533
1884 1.44288 1.39199 0.001195
1885 1.40946 1.39199 0.0011944
1886 1.35312 1.39197 0.00119395
1887 1.38654 1.39197 0.00119332
1888 1.41144 1.39198 0.00119273
1889 1.38084 1.39198 0.00119211
1890 1.40698 1.39198 0.00119151
1891 1.36332 1.39197 0.00119097
1892 1.28364 1.39191 0.00119172
1893 1.39622 1.39191 0.00119109
1894 1.4398 1.39194 0.00119073
1895 1.36674 1.39193 0.00119018
1896 1.38288 1.39192 0.00118956
1897 1.38686 1.39192 0.00118894
1898 1.38804 1.39192 0.00118831
1899 1.44854 1.39195 0.00118806
1900 1.38303 1.39194 0.00118744
1901 1.38686 1.39194 0.00118682
1902 1.36043 1.39192 0.00118631
1903 1.41292 1.39193 0.00118574
1904 1.44356 1.39196 0.00118543
1905 1.40796 1.39197 0.00118484
1906 1.42295 1.39198 0.00118433
1907 1.46427 1.39202 0.00118431
1908 1.47358 1.39207 0.00118446
1909 1.46037 1.3921 0.00118438
1910 1.41033 1.39211 0.0011838
1911 1.42407 1.39213 0.0011833
1912 1.37998 1.39212 0.0011827
1913 1.38122 1.39212 0.00118209
1914 1.4837 1.39216 0.00118244
1915 1.40368 1.39217 0.00118184
1916 1.40981 1.39218 0.00118126
1917 1.35164 1.39216 0.00118083
1918 1.31472 1.39212 0.00118091
1919 1.37765 1.39211 0.00118032
1920 1.39953 1.39211 0.00117971
1921 1.39318 1.39211 0.00117909
1922 1.35489 1.39209 0.00117864
1923 1.32798 1.39206 0.0011785
1924 1.36953 1.39205 0.00117794
1925 1.41478 1.39206 0.00117739
1926 1.40929 1.39207 0.00117681
1927 1.34624 1.39205 0.00117644
1928 1.40203 1.39205 0.00117584
1929 1.39582 1.39205 0.00117524
1930 1.52374 1.39212 0.00117661
1931 1.45557 1.39215 0.00117646
1932 1.46234 1.39219 0.00117641
1933 1.41949 1.3922 0.00117588
1934 1.3491 1.39218 0.00117549
1935 1.40425 1.39219 0.0011749
1936 1.44829 1.39222 0.00117465
1937 1.44709 1.39225 0.00117438
1938 1.46005 1.39228 0.0011743
1939 1.42551 1.3923 0.00117382
1940 1.44442 1.39233 0.00117352
1941 1.40714 1.39233 0.00117294
1942 1.40535 1.39234 0.00117235
1943 1.34991 1.39232 0.00117195
1944 1.34511 1.39229 0.0011716
1945 1.31881 1.39226 0.00117161
1946 1.36222 1.39224 0.00117111
1947 1.37846 1.39223 0.00117053
1948 1.38086 1.39223 0.00116994
1949 1.42597 1.39224 0.00116947
1950 1.44087 1.39227 0.00116914
1951 1.38147 1.39226 0.00116855
1952 1.37202 1.39225 0.001168
1953 1.35896 1.39224 0.00116752
1954 1.39517 1.39224 0.00116693
1955 1.26657 1.39217 0.0011681
1956 1.28846 1.39212 0.0011687
1957 1.26493 1.39206 0.00116991
1958 1.28136 1.392 0.00117068
1959 1.27413 1.39194 0.00117163
1960 1.26298 1.39187 0.00117288
1961 1.28878 1.39182 0.00117346
1962 1.2816 1.39176 0.0011742
1963 1.32367 1.39173 0.00117412
1964 1.30157 1.39168 0.00117442
1965 1.35814 1.39167 0.00117394
1966 1.36295 1.39165 0.00117344
1967 1.31878 1.39162 0.00117342
1968 1.29936 1.39157 0.00117376
1969 1.25408 1.3915 0.00117524
1970 1.26818 1.39144 0.00117631
1971 1.27341 1.39138 0.00117724
1972 1.28636 1.39132 0.00117785
1973 1.34455 1.3913 0.00117749
1974 1.32431 1.39126 0.00117738
1975 1.30911 1.39122 0.00117752
1976 1.28202 1.39117 0.00117822
1977 1.31987 1.39113 0.00117817
1978 1.31911 1.3911 0.00117814
1979 1.32539 1.39106 0.00117801
1980 1.25145 1.39099 0.00117953
1981 1.26866 1.39093 0.00118055
1982 1.37623 1.39092 0.00117997
1983 1.37558 1.39091 0.0011794
1984 1.38371 1.39091 0.00117882
1985 1.40016 1.39092 0.00117823
1986 1.37357 1.39091 0.00117767
1987 1.39489 1.39091 0.00117708
1988 1.41337 1.39092 0.00117654
1989 1.37013 1.39091 0.001176
1990 1.39844 1.39091 0.00117541
1991 1.43166 1.39093 0.001175
1992 1.33645 1.39091 0.00117473
1993 1.33803 1.39088 0.00117444
1994 1.37557 1.39087 0.00117387
1995 1.41228 1.39088 0.00117333
1996 1.43673 1.39091 0.00117297
1997 1.36644 1.39089 0.00117245
1998 1.38691 1.39089 0.00117186
1999 1.39578 1.39089 0.00117128
2000 1.37032 1.39088 0.00117074
