0 1028.01
1 974.012
2 884.73
3 999.664
4 788.951
5 863.24
6 738.565
7 704.732
8 695.049
9 697.226
10 656.55
11 673.977
12 801.465
13 889.248
14 893.987
15 636.955
16 859.038
17 619.694
18 824.746
19 615.854
20 875.072
21 869.602
22 868.417
23 905.93
24 600.418
25 789.957
26 870.578
27 754.905
28 874.097
29 700.788
30 544.003
31 521.553
32 688.826
33 780.759
34 567.547
35 745.453
36 868.469
37 823.889
38 529.174
39 618.275
40 812.589
41 702.768
42 761.717
43 841.32
44 536.892
45 769.147
46 776.721
47 540.77
48 531.374
49 471.565
50 788.808
51 818.779
52 594.083
53 667.87
54 794.968
55 749.681
56 547.629
57 482.869
58 758.861
59 820.573
60 509.07
61 607.303
62 808.795
63 501.692
64 670.87
65 813.812
66 838.369
67 846.173
68 638.489
69 793.996
70 789.13
71 595.94
72 593.367
73 799.228
74 782.436
75 846.954
76 852.922
77 797.227
78 802.097
79 541.857
80 491.725
81 793.983
82 840.215
83 825.595
84 822.822
85 780.478
86 730.309
87 773.287
88 795.27
89 498.221
90 783.84
91 749.752
92 766.407
93 554.804
94 822.576
95 600.287
96 733.419
97 823.893
98 806.653
99 781.933
100 850.684
101 808.937
102 860.917
103 497.349
104 535.699
105 735.738
106 481.335
107 441.284
108 630.479
109 522.874
110 467.913
111 430.533
112 741.269
113 748.797
114 495.957
115 826.264
116 832.368
117 692.621
118 692.971
119 662.099
120 808.8
121 796.422
122 733.379
123 760.357
124 792.142
125 785.795
126 750.321
127 835.872
128 497.047
129 524.168
130 713.504
131 599.514
132 621.255
133 759.662
134 525.253
135 493.861
136 776.53
137 486.516
138 742.33
139 730.18
140 772.779
141 786.214
142 757.072
143 843.258
144 703.168
145 725.148
146 761.045
147 844.277
148 707.663
149 506.77
150 433.697
151 656.829
152 809.537
153 504.567
154 464.95
155 758.917
156 495.941
157 720.266
158 812.117
159 702.342
160 707.832
161 462.623
162 465.968
163 721.018
164 514.101
165 771.85
166 508.578
167 790.683
168 689.712
169 459.046
170 508.419
171 690.401
172 778.936
173 784.019
174 795.118
175 796.618
176 696.399
177 764.619
178 514.054
179 730.614
180 735.184
181 758.959
182 761.176
183 771.058
184 608.068
185 471.001
186 761.273
187 719.087
188 703.995
189 704.375
190 790.525
191 768.844
192 771.153
193 862.867
194 825.817
195 501.182
196 737.252
197 780.579
198 456.65
199 639.61
200 761.963
201 787.538
202 770.705
203 796.727
204 807.863
205 775.78
206 800.896
207 601.17
208 782.111
209 846.46
210 771.681
211 788.586
212 483.066
213 765.85
214 822.875
215 771.214
216 787.561
217 725.959
218 742.318
219 503.226
220 499.652
221 786.671
222 784.493
223 819.418
224 468.847
225 770.109
226 794.737
227 492.146
228 659.385
229 751.169
230 821.115
231 725.441
232 819.968
233 478.717
234 432.13
235 617.185
236 694.515
237 559.097
238 473.03
239 708.133
240 741.158
241 636.74
242 478.528
243 725.175
244 754.027
245 451.227
246 423.428
247 420.036
248 814.267
249 755.424
250 432.704
251 476.72
252 507.994
253 454.714
254 778.814
255 804.245
256 735.052
257 700.77
258 731.753
259 824.04
260 500.967
261 433.252
262 686.557
263 703.726
264 602.332
265 589.912
266 833.993
267 736.769
268 581.81
269 423.127
270 690.079
271 707.443
272 633.699
273 841.095
274 676.972
275 614.06
276 589.272
277 744.601
278 778.151
279 828.945
280 472.117
281 730.936
282 539.327
283 552.613
284 784.84
285 752.023
286 796.659
287 779.985
288 748.111
289 773.949
290 793.404
291 489.123
292 775.732
293 712.507
294 790.11
295 823.246
296 791.348
297 808.955
298 457.49
299 398.035
300 417.333
301 725.338
302 770.14
303 826.489
304 483.461
305 761.625
306 666.988
307 764.846
308 827.89
309 792.101
310 449.652
311 760.294
312 442.682
313 658.066
314 783.628
315 792.752
316 834.914
317 746.589
318 488.306
319 806.152
320 756.348
321 733.072
322 538.608
323 745.535
324 785.251
325 823.647
326 478.286
327 793.179
328 831.915
329 534.379
330 728.854
331 719.432
332 740.543
333 771.482
334 746.928
335 490.036
336 796.714
337 516.488
338 817.519
339 576.246
340 701.129
341 764.516
342 746.064
343 769.227
344 454.571
345 436.218
346 701.098
347 702.912
348 452.544
349 451.175
350 428.662
351 450.862
352 761.16
353 747.777
354 791.755
355 717.215
356 804.857
357 501.687
358 616.065
359 770.104
360 459.327
361 452.756
362 759.603
363 465.389
364 424.026
365 730.059
366 769.852
367 764.693
368 651.274
369 776.459
370 777.826
371 605.684
372 720.199
373 748.519
374 759.551
375 729.733
376 666.984
377 718.042
378 788.93
379 776.077
380 749.298
381 558.627
382 761.932
383 763.257
384 601.064
385 457.633
386 527.045
387 449.519
388 758.695
389 464.198
390 787.944
391 776.907
392 807.843
393 824.147
394 487.547
395 572.341
396 770.981
397 473.374
398 608.061
399 510.513
400 790.575
401 703.423
402 475.672
403 756.007
404 765.285
405 710.837
406 828.724
407 835.318
408 813.486
409 801.276
410 502.979
411 739.857
412 825.774
413 502.349
414 734.469
415 467.869
416 757.246
417 668.496
418 433.326
419 768.312
420 779.297
421 781.241
422 471.45
423 410.705
424 526.325
425 614.827
426 585.619
427 462.436
428 824.396
429 457.683
430 462.683
431 660.703
432 796.036
433 759.483
434 453.357
435 771.978
436 758.266
437 774.002
438 796.832
439 705.201
440 628.306
441 660.4
442 873.467
443 724.596
444 807.814
445 440.666
446 424.709
447 717.588
448 437.938
449 724.226
450 725.653
451 768.507
452 653.804
453 837.939
454 514.541
455 441.056
456 757.479
457 723.791
458 486.977
459 779.502
460 478.772
461 735.276
462 710.841
463 501.524
464 779.244
465 729.577
466 702.225
467 811.081
468 779.784
469 473.391
470 776.56
471 537.193
472 717.059
473 738.087
474 492.966
475 810.667
476 491.188
477 674.826
478 429.937
479 782.555
480 853.48
481 792.762
482 787.863
483 809.314
484 740.656
485 710.416
486 763.662
487 737.712
488 478.655
489 684.436
490 656.424
491 484.377
492 783.261
493 453.258
494 670.238
495 721.007
496 788.443
497 749.244
498 829.068
499 807.995
500 721.039
501 795.062
502 840.769
503 468.582
504 540.021
505 447.6
506 742.948
507 796.361
508 448.032
509 752.62
510 831.632
511 806.767
512 468.58
513 717.129
514 748.456
515 661.038
516 791.989
517 755.526
518 404.138
519 766.828
520 492.792
521 689.47
522 491.688
523 790.055
524 744.871
525 794.045
526 509.022
527 704.692
528 771.837
529 554.692
530 586.734
531 741.978
532 472.528
533 704.141
534 745.975
535 729.041
536 743.312
537 758.159
538 719.761
539 747.549
540 775.305
541 814.425
542 736.742
543 735.876
544 589.383
545 708.474
546 741.427
547 713.446
548 442.609
549 773.627
550 692.256
551 481.186
552 782.711
553 445.768
554 513.65
555 425.508
556 415.115
557 697.398
558 758.899
559 802.109
560 553.454
561 720.263
562 695.128
563 505.502
564 536.187
565 432.03
566 821.283
567 754.796
568 707.386
569 642.993
570 721.572
571 689.757
572 418.329
573 486.482
574 800.322
575 852.106
576 808.315
577 585.289
578 672.445
579 417.477
580 391.28
581 598.726
582 695.767
583 770.04
584 708.583
585 486.459
586 653.477
587 616.531
588 413.928
589 416.248
590 741.723
591 663.834
592 742.518
593 746.018
594 776.222
595 807.711
596 467.945
597 768.851
598 686.614
599 676.872
600 460.984
601 752.216
602 808.584
603 819.304
604 775.434
605 454.13
606 783.996
607 722.107
608 840.872
609 803.157
610 789.993
611 439.277
612 783.815
613 709.105
614 429.993
615 399.794
616 721.357
617 461.005
618 774.75
619 735.731
620 666.147
621 757.328
622 472.604
623 746.568
624 441.38
625 677.516
626 749.74
627 713.154
628 808.956
629 725.11
630 823.582
631 809.873
632 467.981
633 409.723
634 395.358
635 407.776
636 734.771
637 716
638 778.116
639 806.903
640 801.034
641 684.921
642 651.747
643 493.084
644 741.49
645 440.416
646 421.107
647 435.855
648 529.638
649 733.15
650 754.246
651 728.172
652 679.233
653 760.477
654 524.607
655 742.767
656 635.892
657 802.175
658 770.748
659 747.799
660 738.204
661 801.566
662 630.772
663 487.827
664 672.137
665 697.894
666 663.446
667 798.765
668 490.824
669 791.867
670 444.31
671 754.499
672 717.023
673 487.458
674 518.553
675 634.335
676 784.531
677 761.965
678 771.224
679 469.006
680 503.315
681 701.034
682 764.505
683 671.499
684 780.989
685 795.411
686 556.376
687 790.656
688 434.236
689 426.835
690 734.799
691 795.629
692 755.335
693 672.757
694 778.802
695 487.583
696 743.381
697 778.263
698 717.974
699 742.415
700 764.77
701 702.769
702 756.421
703 678.151
704 706.157
705 756.487
706 735.988
707 736.204
708 815.129
709 472.279
710 428.529
711 792.841
712 782.979
713 834.224
714 503.73
715 398.314
716 669.133
717 718.126
718 507.744
719 462.155
720 746.386
721 824.06
722 543.616
723 775.736
724 792.573
725 741.557
726 748.604
727 665.045
728 627.054
729 856.808
730 799.755
731 707.682
732 669.471
733 772.31
734 790.466
735 815.313
736 796.513
737 798.603
738 626.365
739 739.877
740 733.86
741 586.283
742 744.633
743 771.771
744 471.373
745 753.885
746 772.56
747 795.575
748 719.871
749 694.617
750 440.998
751 436.711
752 428.274
753 544.37
754 677.44
755 821.63
756 521.343
757 760.556
758 781.948
759 484.076
760 493.612
761 713.043
762 799.737
763 754.861
764 688.248
765 756.248
766 781.841
767 843.382
768 773.023
769 741.501
770 579.836
771 406.593
772 741.854
773 436.701
774 412.94
775 576.6
776 771.552
777 472.36
778 465.669
779 489.969
780 726.493
781 806.481
782 685.259
783 743.38
784 795.065
785 470.086
786 773.645
787 714.449
788 744.32
789 512.989
790 725.311
791 534.236
792 764.3
793 793.661
794 838.135
795 885.066
796 784.309
797 483.567
798 738.499
799 803.893
