0 997.061
1 916.347
2 861.779
3 816.481
4 774.089
5 751.109
6 717.049
7 694.273
8 676.469
9 657.025
10 642.124
11 631.999
12 623.608
13 619.955
14 612.869
15 613.734
16 606.721
17 582.117
18 577.327
19 570.942
20 553.255
21 532.731
22 528.852
23 520.728
24 513.837
25 505.854
26 499.274
27 486.891
28 504.568
29 513.352
30 491.651
31 482.996
32 459.335
33 465.993
34 464.946
35 493.711
36 479.249
37 464.267
38 454.989
39 448.551
40 463.951
41 442.377
42 439.238
43 438.09
44 429.72
45 426.596
46 414.41
47 418.739
48 426.215
49 417.889
50 421.003
51 428.291
52 430.125
53 431.557
54 426.724
55 407.373
56 398.287
57 412.181
58 418.505
59 413.189
60 409.234
61 406.918
62 421.224
63 398.774
64 429.709
65 409.589
66 409.606
67 404.466
68 409.991
69 401.641
70 406.21
71 404.962
72 410.683
73 403.872
74 396.917
75 409.305
76 405.685
77 392.726
78 391.325
79 410.97
80 401.088
81 413.512
82 391.439
83 402.539
84 406.958
85 406.228
86 404.169
87 404.093
88 407.058
89 397.161
90 397.731
91 405.815
92 408.741
93 397.586
94 407.148
95 405.441
96 400.009
97 407.671
98 392.471
99 410.114
100 402.782
101 401.306
102 398.989
103 394.998
104 387.71
105 390.188
106 402.736
107 397.514
108 402.577
109 406.207
110 405.578
111 395.716
112 404.138
113 404.137
114 399.012
115 401.841
116 404.413
117 397.433
118 399.675
119 392.665
120 399.429
121 390.274
122 416
123 392.559
124 393.537
125 405.719
126 420.792
127 410.046
128 402.97
129 394.552
130 393.079
131 402.147
132 396.261
133 392.221
134 387.078
135 390.872
136 385.959
137 376.385
138 395.043
139 384.953
140 390.327
141 388.616
142 388.297
143 390.728
144 402.186
145 390.595
146 380.667
147 391.208
148 394.594
149 407.223
150 400.752
151 387.974
152 375.111
153 392.637
154 400.013
155 394.6
156 395.831
157 399.093
158 381.907
159 388.157
160 396.93
161 377.789
162 392.112
163 386.222
164 380.712
165 390.693
166 391.743
167 386.365
168 381.894
169 396.444
170 400.045
171 393.554
172 398.864
173 382.337
174 389.774
175 394.422
176 386.221
177 388.967
178 393.608
179 387.603
180 383.408
181 383.074
182 386.842
183 400.136
184 388.835
185 381.877
186 369.995
187 377.913
188 416.512
189 391.564
190 384.802
191 386.906
192 403.886
193 406.024
194 394.838
195 398.563
196 391.58
197 387.835
198 379.406
199 371.198
200 391.908
201 382.09
202 394.953
203 394.563
204 391.322
205 388.058
206 395.891
207 387.572
208 390.375
209 388.93
210 378.9
211 387.892
212 379.023
213 380.849
214 385.356
215 374.148
216 386.863
217 401.735
218 403.299
219 403.131
220 385.906
221 388.376
222 391.906
223 386.308
224 382.81
225 384.557
226 390.252
227 380.616
228 385.854
229 404.845
230 394.823
231 371.396
232 382.886
233 369.675
234 393.899
235 385.614
236 377.397
237 373.411
238 369.862
239 381.226
240 381.759
241 377.378
242 383.789
243 382.829
244 384.854
245 391.582
246 384.351
247 382.021
248 394.396
249 385.242
250 390.09
251 389.832
252 378.913
253 379.342
254 379.782
255 383.405
256 387.723
257 396.348
258 383.802
259 392.527
260 392.126
261 391.893
262 381.045
263 381.151
264 380.963
265 369.218
266 379.105
267 373.542
268 386.5
269 379.982
270 388.756
271 396.91
272 390.97
273 375.926
274 384.126
275 384.855
276 404.187
277 394.299
278 407.859
279 377.895
280 383.391
281 389.904
282 386.96
283 389.311
284 378.798
285 377.589
286 377.586
287 380.465
288 384.794
289 379.16
290 389.464
291 382.804
292 389.952
293 395.072
294 388.805
295 388.337
296 397.319
297 403.623
298 393.341
299 380.875
300 378.737
301 397.375
302 394.705
303 387.821
304 379.731
305 394.523
306 397.378
307 385.676
308 379.995
309 379.884
310 387.723
311 397.116
312 397.576
313 375.23
314 374.662
315 395.782
316 403.149
317 386.948
318 399.086
319 382.385
320 383.139
321 382.693
322 381.639
323 386.857
324 375.466
325 377.479
326 381.739
327 391.27
328 387.308
329 381.163
330 391.898
331 390.44
332 383.096
333 389.103
334 396.591
335 407.594
336 397.603
337 381.308
338 392.392
339 393.217
340 382.668
341 409.691
342 396.502
343 378.862
344 387.067
345 393.799
346 398.339
347 392.37
348 376.557
349 381.851
350 397.332
351 396.917
352 391.483
353 386.334
354 377.87
355 388.718
356 379.451
357 377.899
358 376.29
359 373.991
360 377.068
361 383.974
362 384.759
363 400.699
364 386.898
365 384.2
366 388.343
367 382.95
368 383.891
369 399.197
370 394.802
371 394.286
372 403.04
373 389.274
374 389.476
375 378.041
376 374.309
377 367.87
378 387.437
379 392.533
380 377.286
381 393.472
382 394.15
383 395.558
384 388.384
385 370.429
386 378.18
387 383.2
388 380.706
389 378.208
390 379.395
391 375.732
392 376.444
393 371.036
394 379.895
395 380.45
396 383.682
397 392.159
398 389.056
399 393.207
400 388.482
401 390.428
402 381.701
403 384.045
404 384.404
405 397.837
406 380.875
407 394.343
408 393.205
409 377.27
410 384.635
411 370.133
412 380.369
413 395.987
414 393.487
415 395.687
416 386.219
417 391.298
418 399.838
419 377.62
420 387.814
421 393.831
422 395.023
423 395.652
424 403.287
425 380.275
426 382.948
427 392.186
428 404.789
429 391.668
430 382.579
431 382.53
432 385.578
433 390.254
434 377.338
435 380.02
436 371.967
437 398.565
438 388.898
439 396.645
440 387.13
441 374.673
442 389.519
443 382.547
444 390.462
445 387.042
446 385.308
447 402.2
448 394.493
449 385.106
450 404.021
451 385.814
452 396.648
453 396.571
454 386.879
455 393.013
456 394.768
457 400.131
458 385.983
459 380.686
460 378.478
461 384.738
462 386.002
463 380.616
464 386.107
465 382.816
466 381.698
467 398.336
468 389.324
469 406.531
470 399.781
471 383.132
472 392.94
473 380.251
474 385.377
475 382.891
476 376.514
477 387.907
478 389.06
479 389.992
480 382.654
481 394.866
482 383.229
483 384.198
484 390.937
485 397.992
486 389.82
487 388.297
488 378.198
489 374.149
490 395.12
491 389.218
492 395.169
493 393.618
494 374.678
495 402.995
496 400.836
497 384.467
498 380.361
499 393.605
500 382.821
501 388.56
502 390.222
503 377.659
504 379.323
505 391.988
506 388.525
507 382.158
508 396.592
509 391.348
510 389.061
511 389.308
512 396.187
513 389.511
514 372.822
515 388.079
516 394.974
517 388.86
518 382.774
519 386.505
520 389.439
521 390.244
522 386.368
523 389.263
524 387.17
525 372.885
526 390.131
527 387.887
528 395.418
529 391.927
530 379.872
531 399.108
532 386.672
533 396.272
534 408.028
535 393.56
536 386.712
537 398.957
538 395.577
539 390.211
540 392.111
541 389.511
542 393.208
543 387.415
544 388.938
545 392.077
546 383.853
547 384.328
548 372.784
549 372.018
550 385.464
551 381.873
552 377.432
553 384.511
554 388.298
555 389.358
556 377.6
557 392.2
558 384.004
559 387.873
560 375.301
561 385.712
562 384.968
563 386.695
564 382.267
565 382.207
566 378.765
567 389.287
568 398.256
569 383.118
570 395.355
571 387.181
572 372.73
573 392.489
574 392.136
575 376.348
576 379.067
577 383.113
578 391.716
579 386.735
580 378.321
581 381.421
582 389.473
583 389.813
584 383.045
585 385.436
586 395.584
587 388.508
588 389.957
589 385.947
590 382.779
591 384.067
592 400.343
593 394.081
594 403.153
595 391.745
596 396.568
597 384.733
598 365.223
599 372.89
600 383.861
601 364.335
602 364.533
603 376.049
604 390.792
605 380.188
606 385.3
607 377.519
608 375.64
609 384.853
610 375.847
611 395.334
612 383.762
613 372.794
614 369.992
615 378.794
616 387.937
617 382.01
618 386.982
619 389.352
620 375.141
621 369.919
622 381.67
623 381.107
624 379.955
625 373.527
626 375.991
627 389.673
628 379.21
629 387.539
630 381.753
631 378.368
632 371.705
633 378.874
634 394.217
635 379.899
636 376.993
637 387.624
638 397.751
639 390.523
640 378.027
641 383.337
642 399.624
643 375.049
644 386.831
645 388.988
646 367.554
647 380.81
648 384.569
649 384.437
650 374.452
651 384.189
652 398.317
653 382.27
654 388.594
655 375.474
656 376.735
657 379.75
658 378.908
659 386.151
660 377.214
661 388.211
662 380.658
663 382.446
664 385.737
665 377.76
666 389.504
667 383.628
668 389.034
669 372.677
670 385.581
671 383.442
672 377.438
673 374.909
674 389.009
675 384.984
676 378.936
677 380.535
678 370.846
679 384.442
680 378.115
681 382.978
682 385.699
683 372.1
684 381.678
685 372.225
686 378.28
687 374.749
688 376.657
689 381.414
690 373.018
691 371.232
692 388.392
693 377.752
694 390.003
695 390.438
696 388.042
697 372.339
698 377.926
699 370.977
700 370.912
701 375.627
702 386.644
703 378.605
704 376.799
705 382.444
706 369.4
707 365.992
708 374.5
709 378.912
710 388.239
711 381.874
712 380.437
713 371.657
714 386.943
715 381.698
716 371.071
717 373.613
718 374.027
719 387.393
720 383.26
721 380.294
722 388.159
723 377.677
724 384.434
725 397.783
726 377.977
727 379.899
728 385.942
729 379.296
730 386.574
731 379.914
732 382.361
733 381.242
734 382.034
735 380.706
736 395.446
737 378.39
738 372.317
739 368.659
740 371.965
741 383.184
742 387.151
743 375.447
744 385.132
745 376.917
746 381.505
747 396.422
748 382.614
749 388.799
750 370.488
751 381.288
752 377.268
753 369.165
754 383.132
755 377.915
756 373.477
757 384.356
758 387.133
759 389.132
760 369.488
761 373.6
762 372.471
763 379.646
764 367.952
765 365.887
766 372.458
767 380.471
768 389.277
769 385.379
770 380.087
771 381.63
772 380.757
773 386.812
774 378.255
775 395.656
776 370.601
777 371.83
778 374.726
779 386.09
780 368.332
781 374.048
782 375.923
783 384.629
784 376.625
785 374.447
786 378.301
787 380.587
788 379.077
789 390.403
790 379.331
791 380.755
792 379.272
793 375.204
794 385.413
795 372.311
796 385.303
797 377.307
798 384.957
799 385.681
800 381.372
801 388.619
802 379.02
803 378.791
804 389.481
805 377.827
806 371.989
807 382.492
808 371.414
809 362.435
810 382.587
811 381.821
812 374.562
813 396.506
814 374.745
815 373.943
816 374.996
817 393.063
818 376.171
819 369.222
820 386.056
821 375.48
822 365.562
823 381.06
824 380.357
825 377.007
826 374.925
827 366.985
828 377.901
829 382.512
830 392.822
831 380.99
832 381.93
833 381.914
834 379.839
835 376.658
836 379.237
837 368.187
838 376.371
839 382.268
840 379.605
841 376.169
842 375.785
843 373.624
844 394.887
845 395.226
846 376.17
847 375.198
848 379.993
849 375.454
850 385.384
851 396.974
852 386.5
853 375.318
854 390.159
855 393.202
856 382.838
857 374.459
858 381.717
859 378.217
860 386.663
861 378.565
862 369.455
863 387.424
864 380.969
865 372.205
866 378.42
867 386.717
868 385.035
869 381.174
870 378.243
871 381.825
872 385.934
873 381.654
874 374.066
875 380.833
876 392.991
877 376.965
878 376.285
879 371.418
880 391.312
881 386.561
882 386.789
883 395.607
884 376.868
885 375.083
886 383.526
887 391.776
888 397.255
889 381.578
890 391.208
891 375.802
892 376.74
893 399.116
894 377.333
895 382.061
896 384.371
897 386.251
898 368.141
899 385.61
900 386.378
901 385.88
902 377.425
903 389.931
904 367.299
905 375.864
906 391.504
907 397.188
908 391.636
909 380.637
910 380.19
911 386.195
912 386.85
913 375.381
914 393.05
915 383.118
916 394.492
917 405.933
918 396.584
919 375.187
920 388.587
921 390.055
922 399.363
923 372.862
924 381.014
925 390.013
926 392.107
927 385.004
928 370.814
929 377.102
930 366.917
931 367.207
932 381.112
933 380.134
934 381.832
935 386.846
936 374.279
937 378.953
938 384.752
939 384.272
940 407.844
941 382.175
942 381.159
943 382.916
944 379.826
945 397.271
946 391.057
947 383.65
948 390.413
949 388.446
950 387.266
951 383.515
952 381.003
953 385.471
954 384.704
955 393.956
956 394.586
957 372.785
958 372.125
959 373.915
960 379.05
961 391.102
962 397.266
963 393.081
964 391.392
965 378.151
966 374.693
967 365.999
968 385.709
969 380.867
970 384.162
971 377.597
972 386.37
973 380.485
974 383.821
975 381.885
976 375.845
977 380.439
978 370.778
979 359.401
980 378.077
981 378.153
982 398.682
983 383.911
984 374.936
985 382.869
986 381.395
987 386.606
988 386.239
989 383.198
990 381.262
991 384.589
992 381.499
993 377.755
994 384.333
995 389.545
996 384.809
997 392.037
998 391.402
999 378.014
