0 989.381
1 894.485
2 843.159
3 793.579
4 755.385
5 739.489
6 718.352
7 694.351
8 676.394
9 653.436
10 659.733
11 654.997
12 630.572
13 621.287
14 591.486
15 592.556
16 578.963
17 570.224
18 557.62
19 559.471
20 540.523
21 535.271
22 528.096
23 521.703
24 518.149
25 530.192
26 521.04
27 515.135
28 515.938
29 516.662
30 510.799
31 503.953
32 498.307
33 503.58
34 502.948
35 498.737
36 480.916
37 468.562
38 461.787
39 457.357
40 450.889
41 471.912
42 468.849
43 473.302
44 465.648
45 446.146
46 436.378
47 443.086
48 445.373
49 437.255
50 438.06
51 433.028
52 437.939
53 437.532
54 439.085
55 427.581
56 429.68
57 424.976
58 415.411
59 423.09
60 435.03
61 432.706
62 417.853
63 419.73
64 408.588
65 419.029
66 425.946
67 428.825
68 416.502
69 423.88
70 422.297
71 424.701
72 424.586
73 426.417
74 426.75
75 440.972
76 427.215
77 435.205
78 427.208
79 411.115
80 388.604
81 401.891
82 412.839
83 401.542
84 397.519
85 407.09
86 416.232
87 407.877
88 399.741
89 395.866
90 401.732
91 400.751
92 401.745
93 414.877
94 404.641
95 400.47
96 397.201
97 404.979
98 409.495
99 412.475
100 414.123
101 414.987
102 386.617
103 390.226
104 405.313
105 400.793
106 403.189
107 404.342
108 396.151
109 398.666
110 397.429
111 409.942
112 401.319
113 404.643
114 402.467
115 409.227
116 400.437
117 395.231
118 399.866
119 391.009
120 411.557
121 399.704
122 404.935
123 393.347
124 391.092
125 393.457
126 408.041
127 405.647
128 412.536
129 410.283
130 420.044
131 401.955
132 402.683
133 403.825
134 413.296
135 402.596
136 405.619
137 401.655
138 409.355
139 394.266
140 389.11
141 396.301
142 397.907
143 396.891
144 403.015
145 404.945
146 408.208
147 387.199
148 401.672
149 398.56
150 394.667
151 391.098
152 387.512
153 403.114
154 395.585
155 394.143
156 393.885
157 395.518
158 383.656
159 398.873
160 393.7
161 409.962
162 407.658
163 397.312
164 403.06
165 406.003
166 398.283
167 392.462
168 396.573
169 395.724
170 389.223
171 396.469
172 396.837
173 398.097
174 398.445
175 394.75
176 409.757
177 400.321
178 404.301
179 396.23
180 397.158
181 388.884
182 395.4
183 398.962
184 406.641
185 388.102
186 398.813
187 410.105
188 397.627
189 396.118
190 405.91
191 388.943
192 396.398
193 384.183
194 388.821
195 401.224
196 398.515
197 407.499
198 403.926
199 394.816
200 398.186
201 399.343
202 404.858
203 406.486
204 404.525
205 404.131
206 402.418
207 391.603
208 398.69
209 403.778
210 402.42
211 406.061
212 385.533
213 388.109
214 394.104
215 411.133
216 394.718
217 396.258
218 400.141
219 418.317
220 413.169
221 414.811
222 396.195
223 392.872
224 393.489
225 388.803
226 390.218
227 396.236
228 399.984
229 394.204
230 396.209
231 400.976
232 404.091
233 382.751
234 403.49
235 403.594
236 396.681
237 400.26
238 401.35
239 396.56
240 402.326
241 391.023
242 402.121
243 383.386
244 399.527
245 400.748
246 400.236
247 397.592
248 403.773
249 413.464
250 390.235
251 388.069
252 395.341
253 392.284
254 394.819
255 390.389
256 384.656
257 401.349
258 401.847
259 404.164
260 390.201
261 393.255
262 395.594
263 392.649
264 393.732
265 397.263
266 397.871
267 401.656
268 404.916
269 404.256
270 391.822
271 414.491
272 416.706
273 411.738
274 405.213
275 397.889
276 402.169
277 408.356
278 413.501
279 409.769
280 395.329
281 385.807
282 406.409
283 390.723
284 385.31
285 397.83
286 395.03
287 391.597
288 387.548
289 397.285
290 392.291
291 393.028
292 399.386
293 391
294 383.935
295 405.329
296 395.183
297 401.449
298 386.477
299 390.698
300 392.132
301 385.793
302 401.143
303 391.458
304 395.043
305 389.199
306 393.27
307 389.616
308 400.674
309 397.153
310 388.519
311 393.386
312 396.43
313 401.295
314 393.584
315 384.133
316 397.258
317 377.914
318 394.562
319 393.532
320 394.699
321 392.852
322 391.595
323 390.373
324 394.22
325 382.463
326 392.728
327 386.772
328 401.62
329 389.216
330 396.14
331 390.631
332 388.077
333 378.839
334 386.037
335 393.779
336 406.742
337 400.121
338 396.567
339 393.144
340 395.164
341 398.308
342 393.135
343 400.021
344 397.119
345 393.823
346 393.55
347 389.212
348 397.018
349 400.474
350 388.388
351 400.012
352 404.312
353 411.455
354 399.052
355 404.566
356 400.506
357 386.703
358 381.383
359 381.01
360 398.001
361 405.553
362 391.273
363 393.715
364 410.668
365 405.387
366 398.019
367 377.758
368 403.412
369 397.017
370 400.567
371 399.864
372 379.412
373 392.679
374 374.721
375 396.107
376 376.875
377 375.205
378 375.317
379 384.705
380 381.001
381 372.534
382 376.476
383 383.954
384 367.911
385 366.677
386 370.704
387 370.307
388 358.964
389 359.445
390 371.952
391 380.908
392 376.93
393 381.252
394 380.732
395 371.905
396 364.495
397 375.478
398 381.14
399 371.555
400 379.432
401 368.819
402 365.155
403 370.374
404 373.473
405 385.253
406 369.168
407 364.393
408 362.507
409 360.788
410 359.068
411 356.137
412 375.241
413 380.961
414 356.553
415 365.103
416 366.797
417 353.997
418 356.322
419 376.093
420 380.766
421 374.073
422 357.018
423 364.767
424 355.353
425 376.863
426 361.242
427 359.604
428 353.334
429 379.372
430 369.004
431 365.802
432 367.536
433 370.47
434 365.446
435 360.814
436 358.334
437 369.077
438 370.569
439 362.23
440 378.886
441 358.201
442 374.133
443 359.866
444 354.518
445 372.638
446 373.668
447 358.485
448 379.839
449 375.811
450 355.036
451 367.638
452 362.149
453 362.543
454 370.959
455 376.182
456 360.074
457 369.237
458 352.043
459 354.257
460 375.441
461 374.225
462 361.401
463 368.653
464 358.616
465 352.378
466 366.998
467 369.991
468 375.248
469 357.2
470 363.663
471 367.975
472 361.664
473 367.998
474 354.38
475 355.279
476 364.607
477 368.421
478 355.898
479 355.497
480 371.521
481 356.649
482 355.867
483 370.457
484 360.486
485 372.352
486 352.123
487 363.746
488 356.323
489 356.751
490 343.538
491 352.098
492 362.04
493 360.757
494 362.178
495 363.532
496 360.324
497 371.694
498 356.009
499 356.338
500 360.109
501 369.99
502 376.588
503 363.518
504 360.683
505 373.697
506 374.496
507 356.695
508 376.381
509 367.213
510 372.604
511 361.006
512 365.386
513 370.763
514 367.912
515 355.118
516 372.254
517 367.433
518 373.135
519 371.747
520 353.962
521 363.57
522 379.752
523 355.598
524 355.744
525 362.111
526 377.521
527 377.037
528 369.515
529 348.009
530 352.959
531 377.459
532 364.794
533 356.302
534 348.302
535 356.708
536 363.289
537 361.324
538 353.29
539 351.794
540 376.349
541 364.639
542 365.026
543 365.829
544 358.594
545 358.668
546 368.49
547 367.091
548 365.669
549 370.875
550 359.785
551 354.225
552 361.419
553 353.052
554 354.217
555 356.678
556 368.013
557 362.617
558 356.2
559 364.501
560 343.029
561 350.552
562 362.449
563 356.086
564 363.522
565 366.199
566 352.86
567 351.088
568 356.235
569 352.06
570 348.899
571 349.345
572 343.007
573 353.645
574 365.476
575 363.602
576 367.655
577 359.425
578 363.85
579 360.033
580 358.171
581 355.373
582 355.606
583 355.037
584 367.668
585 358.124
586 368.521
587 377.119
588 366.247
589 354.929
590 351.019
591 362.785
592 359.056
593 360.13
594 376.793
595 362.845
596 356.668
597 371.263
598 366.127
599 361.18
600 374.32
601 357.07
602 358.548
603 365.211
604 361.76
605 357.947
606 350.855
607 356.071
608 349.367
609 362.777
610 344.928
611 351.615
612 371.753
613 357.547
614 358.904
615 362.266
616 339.817
617 358.092
618 355.158
619 361.165
620 362.041
621 360.924
622 376.242
623 367.319
624 367.738
625 370.217
626 355.617
627 349.069
628 367.695
629 349.428
630 369.49
631 367.635
632 369.635
633 374.549
634 353.064
635 367.379
636 354.115
637 353.193
638 357.029
639 362.061
640 354.187
641 368.383
642 362.933
643 364.75
644 356.25
645 362.238
646 363.611
647 354.217
648 349.442
649 361.818
650 346.976
651 360.267
652 355.74
653 358.944
654 362.503
655 362.318
656 357.475
657 347.812
658 366.425
659 351.612
660 348.674
661 355.653
662 367.629
663 360.162
664 359.578
665 351.937
666 359.953
667 372.879
668 379.239
669 364.52
670 360.827
671 366.054
672 369.849
673 356.411
674 359.999
675 359.276
676 369.776
677 361.518
678 350.657
679 358.798
680 368.658
681 352.076
682 354.378
683 369.156
684 371.284
685 355.23
686 363.603
687 352.812
688 352.046
689 352.967
690 361.151
691 357.988
692 356.955
693 354.631
694 347.968
695 349.746
696 349.863
697 361.78
698 360.127
699 355.125
700 353.893
701 362.574
702 364.246
703 353.418
704 362.846
705 358.98
706 374.633
707 354.019
708 354.48
709 357.57
710 365.375
711 348.532
712 366.095
713 368.77
714 348.768
715 351.712
716 358.94
717 359.676
718 349.505
719 350.327
720 361.856
721 359.28
722 345.904
723 386.804
724 359.244
725 372.743
726 377.403
727 352.366
728 371.866
729 374.547
730 356.796
731 365.467
732 358.308
733 359.55
734 350.245
735 360.914
736 367.945
737 365.948
738 357.012
739 357.476
740 357.453
741 348.344
742 362.848
743 359.078
744 356.993
745 345.551
746 347.925
747 364.114
748 364.884
749 367.751
750 364.78
751 375.735
752 359.239
753 361.358
754 356.641
755 343.381
756 365.389
757 368.516
758 389.108
759 376.225
760 374.321
761 369.53
762 366.582
763 376.429
764 370.223
765 354.787
766 357.324
767 361.101
768 364.371
769 345.005
770 357.278
771 357.538
772 373.157
773 359.149
774 365.088
775 370.11
776 371.03
777 376.073
778 377.357
779 350.397
780 373.585
781 356.248
782 356.141
783 351.483
784 362.524
785 360.946
786 351.101
787 353.367
788 345.89
789 363.167
790 351.866
791 366.424
792 362.429
793 357.266
794 359.745
795 358.536
796 358.428
797 355.398
798 361.835
799 373.843
800 364.687
801 356.876
802 364.247
803 360.727
804 344.034
805 350.853
806 361.794
807 361.062
808 366.608
809 365.233
810 358.477
811 351.608
812 355.081
813 354.158
814 349.799
815 359.757
816 365.909
817 348.832
818 362.157
819 364.546
820 369.364
821 363.553
822 355.341
823 370.724
824 366.071
825 374.131
826 366.304
827 354.355
828 348.875
829 369.106
830 371.745
831 360.15
832 355.347
833 371.11
834 343.407
835 362.49
836 356.689
837 365.676
838 365.319
839 354.978
840 358.963
841 357.963
842 351.271
843 352.005
844 362.333
845 374.074
846 366.371
847 369.75
848 364.733
849 349.885
850 360.019
851 357.835
852 349.404
853 361.268
854 347.765
855 355.432
856 357.138
857 369.954
858 362.134
859 351.977
860 358.805
861 351.148
862 367.056
863 357.82
864 349.119
865 344.389
866 337.187
867 345.478
868 356.155
869 349.228
870 346.857
871 358.871
872 344.996
873 353.165
874 354.98
875 359.04
876 354.29
877 347.005
878 346.446
879 356.199
880 349.641
881 340.518
882 360.451
883 344.552
884 363.206
885 357.831
886 352.772
887 351.454
888 336.33
889 353.057
890 365.535
891 370.961
892 371.403
893 368.568
894 371.817
895 370.697
896 365.449
897 350.251
898 354.561
899 365.324
900 335.267
901 345.19
902 344.425
903 353.915
904 350.971
905 352.074
906 350.65
907 343.949
908 347.65
909 340.844
910 346.661
911 347.083
912 348.729
913 346.863
914 333.175
915 341.748
916 340.146
917 344.861
918 342.662
919 341.655
920 355.492
921 340.714
922 351.079
923 347.603
924 358.738
925 346.059
926 346.883
927 346.991
928 342.575
929 342.903
930 342.612
931 349.167
932 374.964
933 336.637
934 346.119
935 346.874
936 343.632
937 349.29
938 354.789
939 338.868
940 341.79
941 358.58
942 344.616
943 347.775
944 345.671
945 344.136
946 339.344
947 345.272
948 342.899
949 344.033
950 339.673
951 354.59
952 345.125
953 345.486
954 349.666
955 328.183
956 341.769
957 347.96
958 361.557
959 362.462
960 358.728
961 341.313
962 345.009
963 340.937
964 339.844
965 347.029
966 346.736
967 342.457
968 354.108
969 347.708
970 343.603
971 346.871
972 349.78
973 353.861
974 343.769
975 337.284
976 344.682
977 361.467
978 349.814
979 347.797
980 346.912
981 348.779
982 352.267
983 345.606
984 358.795
985 341.185
986 342.174
987 343.323
988 350.232
989 342.427
990 341.052
991 354.97
992 346.597
993 344.794
994 335.78
995 334.495
996 337.002
997 334.481
998 337.496
999 351.452
