0 994.731
1 909.741
2 841.193
3 798.758
4 771.214
5 745.337
6 729.297
7 700.811
8 697.719
9 702.546
10 676.696
11 669.596
12 642.074
13 611.545
14 609.974
15 594.615
16 597.537
17 572.033
18 561.706
19 552.164
20 537.897
21 542.913
22 537.601
23 523.911
24 517.798
25 509.829
26 493.083
27 484.81
28 483.881
29 483.24
30 491.469
31 470.762
32 474.53
33 476.49
34 468.286
35 450.185
36 453.207
37 431.428
38 434.668
39 431.574
40 446.231
41 441.758
42 437.342
43 430.593
44 430.075
45 421.523
46 427.416
47 425.228
48 425.068
49 424.889
50 433.889
51 430.445
52 427.41
53 431.711
54 422.98
55 421.323
56 417.261
57 409.299
58 407.763
59 405.97
60 406.172
61 407.142
62 407.634
63 417.996
64 408.406
65 405.086
66 413.725
67 414.651
68 430.887
69 421.183
70 404.267
71 406.174
72 401.102
73 404.12
74 388.115
75 406.745
76 405.799
77 405.605
78 409.752
79 392.463
80 393.544
81 384.035
82 393.995
83 390.553
84 380.808
85 379.147
86 394.052
87 383.687
88 392.835
89 392.018
90 395.873
91 369.101
92 388.94
93 390.736
94 388.817
95 382.392
96 384.842
97 388.848
98 385.676
99 383.215
100 385.25
101 391.291
102 372.391
103 382.277
104 380.499
105 395.14
106 380.332
107 386.127
108 385.272
109 391.612
110 370.098
111 377.837
112 394.562
113 380.54
114 391.533
115 379.681
116 393.198
117 390.32
118 399.342
119 389.844
120 400.715
121 403.682
122 388.669
123 389.598
124 397.346
125 380.618
126 389.508
127 378.444
128 385.028
129 375.399
130 369.503
131 387.34
132 391.496
133 395.734
134 384.2
135 383.938
136 381.355
137 387.91
138 380.839
139 373.685
140 381.59
141 383.253
142 390.973
143 380.774
144 378.711
145 387.452
146 374.057
147 374.785
148 390.725
149 381.645
150 382.925
151 389.317
152 376.8
153 397.697
154 395.317
155 384.046
156 392.687
157 398.372
158 393.382
159 386.909
160 390.796
161 394.61
162 384.822
163 385.562
164 384.563
165 391.955
166 391.069
167 382.294
168 392.147
169 392.109
170 388.39
171 383.231
172 391.041
173 374.168
174 396.246
175 384.16
176 390.536
177 394.836
178 382.639
179 379.125
180 379.558
181 384.274
182 378.677
183 381.874
184 376.842
185 390.462
186 391.792
187 390.22
188 379.899
189 381.235
190 376.673
191 382.44
192 397.154
193 393.042
194 398.402
195 379.768
196 376.948
197 389.783
198 399.96
199 386.002
200 401.943
201 400.353
202 392.339
203 373.427
204 386.586
205 380.505
206 383.27
207 396.055
208 382.749
209 391.029
210 397.414
211 391.604
212 379.836
213 383.695
214 387.072
215 388.636
216 366.602
217 371.348
218 379.828
219 382.461
220 381.467
221 381.257
222 390.206
223 391.828
224 392.285
225 391.186
226 381.723
227 383.136
228 382.035
229 389.598
230 379.944
231 376.95
232 389.576
233 382.043
234 378.261
235 383.529
236 376.968
237 393.297
238 396.68
239 382.107
240 368.076
241 391.061
242 371.306
243 394.52
244 393.753
245 381.705
246 375.991
247 389.018
248 385.751
249 383.312
250 390.331
251 381.486
252 372.866
253 378.358
254 395.303
255 370.009
256 366.185
257 385.878
258 378.835
259 380.104
260 377.467
261 380.444
262 377.07
263 387.483
264 384.965
265 387.768
266 394.931
267 384.753
268 390.058
269 389.634
270 388.775
271 390.576
272 384.504
273 387.495
274 382.103
275 382.303
276 386.257
277 381.455
278 378.997
279 384.19
280 378.339
281 387.446
282 394.463
283 394.964
284 389.129
285 378.468
286 375.423
287 378.304
288 395.623
289 387.226
290 387.049
291 379.559
292 393.173
293 375.411
294 388.129
295 380.672
296 385.212
297 382.332
298 397.099
299 379.175
300 381.367
301 376.929
302 364.072
303 380.861
304 380.708
305 386.466
306 375.422
307 385.718
308 387.548
309 385.219
310 392.582
311 378.636
312 374.588
313 388.385
314 393.43
315 376.843
316 375.36
317 386.059
318 381.88
319 398.881
320 394.893
321 378.184
322 385.415
323 380.688
324 387.395
325 397.601
326 387.758
327 374.46
328 381.837
329 381.078
330 366.887
331 369.103
332 373.439
333 370.525
334 368.381
335 370.851
336 368.607
337 373.207
338 385.776
339 380.332
340 380.042
341 374.451
342 372.841
343 384.038
344 386.415
345 380.044
346 381.506
347 391.812
348 381.513
349 370.25
350 377.743
351 383.412
352 373.529
353 386.773
354 377.269
355 384.037
356 381.919
357 378.061
358 369.695
359 371.628
360 364.95
361 372.975
362 384.12
363 374.803
364 393.754
365 368.372
366 365.289
367 376.881
368 380.973
369 381.524
370 372.316
371 360.744
372 364.223
373 386.235
374 383.957
375 387.497
376 385.813
377 377.093
378 375.514
379 375.305
380 384.499
381 377.114
382 367.179
383 364.617
384 375.641
385 367.951
386 374.909
387 379.815
388 381.688
389 379.455
390 379.452
391 386.595
392 378.146
393 375.284
394 379.693
395 365.726
396 366.758
397 374.626
398 370.47
399 376.152
400 373.249
401 366.856
402 371.347
403 371.575
404 365.871
405 368.085
406 370.423
407 375.818
408 382.19
409 398.991
410 379.656
411 368.015
412 372.467
413 376.805
414 371.929
415 362.091
416 389.331
417 385.755
418 378.248
419 381.343
420 379.638
421 379.25
422 386.231
423 360.635
424 371.375
425 376.504
426 379.126
427 378.309
428 375.876
429 381.356
430 376.171
431 375.206
432 389.287
433 387.421
434 361.526
435 365.27
436 380.097
437 378.931
438 377.49
439 364.548
440 375.257
441 366.719
442 369.843
443 383.142
444 378.762
445 375.975
446 379.769
447 382.495
448 367.78
449 373.341
450 365.776
451 381.727
452 380.453
453 379.611
454 381.821
455 376.34
456 393.042
457 366.415
458 378.614
459 375.342
460 374.656
461 373.559
462 372.514
463 361.688
464 373.096
465 375.996
466 361.258
467 379.736
468 375.848
469 384.878
470 375.318
471 371.67
472 368.448
473 376.425
474 382.728
475 376.409
476 365.725
477 368.576
478 374.643
479 375.137
480 379.593
481 368.659
482 374.659
483 374.423
484 381.454
485 383.864
486 383.464
487 370.608
488 350.668
489 370.322
490 373.533
491 377.068
492 379.522
493 375.018
494 371.576
495 364.874
496 367.028
497 389.469
498 383.891
499 372.822
500 366.347
501 379.33
502 375.034
503 369.819
504 375.142
505 372.276
506 366.897
507 371.209
508 363.631
509 380.001
510 376.52
511 376.597
512 371.038
513 367.378
514 381.711
515 376.551
516 378.479
517 368.756
518 377.611
519 377.975
520 366.841
521 378.767
522 365.974
523 375.949
524 384.824
525 369.366
526 376.325
527 374.946
528 371.457
529 370.673
530 369.656
531 365.131
532 370.051
533 369.034
534 377.251
535 364.642
536 372.908
537 362.242
538 360.207
539 382.511
540 373.588
541 369.911
542 366.315
543 369.397
544 376.265
545 384.844
546 379.393
547 391.037
548 376.852
549 383.264
550 376.564
551 377.588
552 379.716
553 376.554
554 371.284
555 383.324
556 380.259
557 371.818
558 374.675
559 366.967
560 376.797
561 383.969
562 386.952
563 379.297
564 392.043
565 374.553
566 376.845
567 383.727
568 373.675
569 371.868
570 370.713
571 361.514
572 363.863
573 375.367
574 366.379
575 393.536
576 378.499
577 381.369
578 377.223
579 371.842
580 379.882
581 373.403
582 372.677
583 373.831
584 364.747
585 376.174
586 370.872
587 370.185
588 374.124
589 379.037
590 392.484
591 371.311
592 370.56
593 375.554
594 373.397
595 373.862
596 379.026
597 382.698
598 385.837
599 383.186
600 379.731
601 372.869
602 372.463
603 374.348
604 367.134
605 356.648
606 365.142
607 380.513
608 358.191
609 362.94
610 363.731
611 383.283
612 392.053
613 365.638
614 368.184
615 377.831
616 381.603
617 384.007
618 381.826
619 389.157
620 369.164
621 384.149
622 381.245
623 368.628
624 370.743
625 360.573
626 375.371
627 370.738
628 389.037
629 379.163
630 379.139
631 372.93
632 374.162
633 369.513
634 370.403
635 368.836
636 373.256
637 378.393
638 370.068
639 373.33
640 371.257
641 371.163
642 363.227
643 370.123
644 377.288
645 361.474
646 369.008
647 379.351
648 372.205
649 385.69
650 380.581
651 368.415
652 362.556
653 378.186
654 364.742
655 368.987
656 369.304
657 368.161
658 383.603
659 400.818
660 396.539
661 368.298
662 360.005
663 370.963
664 373.785
665 372.522
666 376.154
667 381.492
668 377.761
669 357.841
670 369.208
671 391.253
672 368.151
673 384.805
674 366.327
675 372.766
676 366.307
677 378.128
678 375.121
679 377.751
680 374.212
681 375.113
682 373.964
683 386.996
684 376.202
685 361.97
686 371.042
687 374.321
688 373.275
689 372.473
690 375.188
691 378.29
692 380.988
693 379.612
694 382.81
695 368.094
696 371.922
697 367.537
698 375.766
699 361.963
700 371.148
701 359.627
702 362.965
703 376.453
704 372.964
705 374.827
706 377.29
707 372.996
708 385.98
709 370.937
710 363.959
711 369.614
712 360.92
713 380.058
714 372.826
715 364.179
716 364.25
717 374.152
718 383.997
719 383.768
720 368.307
721 370.155
722 386.472
723 385.897
724 385.436
725 369.28
726 365.839
727 370.28
728 367.258
729 374.775
730 374.809
731 371.864
732 375.771
733 380.698
734 377.125
735 376.186
736 379.009
737 375.626
738 377.03
739 386.643
740 389.448
741 369.817
742 364.936
743 376.327
744 364.088
745 371.943
746 365.069
747 371.375
748 374.398
749 371.28
750 380.609
751 380.636
752 381.225
753 373.109
754 382.382
755 379.927
756 368.941
757 371.811
758 364.948
759 368.544
760 365.885
761 357.427
762 361.975
763 358.866
764 379.014
765 378.808
766 375.645
767 369.212
768 377.274
769 386.061
770 380.688
771 384.167
772 373.286
773 368.913
774 367.967
775 377.321
776 382.952
777 379.673
778 389.404
779 376.223
780 379.328
781 369.092
782 369.756
783 371.421
784 379.151
785 383.195
786 367.162
787 365.582
788 376.334
789 366.299
790 360.165
791 368.13
792 376.797
793 372.921
794 368.522
795 364.442
796 386.422
797 384.943
798 385.854
799 379.755
800 374.658
801 381.343
802 383.972
803 371.857
804 369.576
805 364.671
806 360.87
807 365.436
808 373.374
809 373.984
810 378.409
811 368.565
812 382.474
813 367.181
814 370.618
815 367.846
816 368.251
817 371.456
818 367.809
819 374.232
820 365.326
821 374.214
822 386.77
823 382.763
824 385.091
825 378.319
826 371.709
827 381.86
828 381.633
829 367.903
830 375.248
831 393.265
832 389.394
833 377.572
834 368.916
835 361.815
836 376.961
837 379.218
838 376.385
839 377.449
840 374.962
841 376.146
842 367.294
843 370.799
844 388.359
845 380.465
846 368.481
847 374.537
848 372.6
849 376.837
850 387.224
851 387.593
852 378.946
853 372.402
854 370.854
855 372.062
856 360.847
857 371.573
858 369.336
859 382.058
860 365.247
861 360.992
862 372.287
863 373.875
864 382.879
865 368.287
866 370.499
867 370.984
868 367.426
869 373.372
870 367.049
871 361.527
872 364.912
873 372.262
874 373.795
875 363.934
876 377.808
877 390.778
878 388.783
879 392.571
880 383.374
881 354.972
882 365.671
883 364.456
884 381.843
885 372.758
886 366.52
887 379.378
888 375.93
889 374.291
890 373.846
891 375.96
892 380.585
893 371.725
894 379.183
895 375.137
896 372.437
897 374.273
898 381.124
899 372.025
900 367.592
901 373.876
902 377.866
903 364.695
904 382.894
905 373.856
906 378.121
907 373.671
908 381.943
909 380.855
910 371.211
911 381.884
912 388.458
913 371.559
914 376.628
915 387.271
916 367.128
917 367.61
918 373.404
919 383.596
920 382.953
921 380.734
922 377.829
923 373.242
924 369.803
925 380.352
926 364.585
927 369.199
928 367.456
929 373.477
930 372.013
931 377.261
932 381.281
933 379.03
934 386.632
935 381.019
936 364.717
937 370.524
938 370.95
939 374.04
940 374.841
941 385.571
942 387.705
943 378.303
944 375.937
945 377.926
946 369.355
947 356.219
948 371.986
949 374.025
950 364.068
951 369.243
952 380.003
953 375.649
954 375.244
955 371.906
956 379.619
957 378.5
958 368.342
959 376.436
960 370.878
961 391.488
962 380.926
963 383.996
964 370.38
965 374.001
966 370.903
967 386.264
968 377.662
969 377.161
970 373.54
971 359.519
972 365.893
973 371.268
974 371.261
975 379.028
976 369.469
977 369.492
978 358.718
979 365.03
980 375.53
981 365.767
982 368.311
983 372.134
984 370.235
985 369.657
986 375.083
987 373.694
988 383.937
989 373.271
990 375.761
991 384.816
992 367.856
993 378.469
994 377.564
995 387.684
996 377.965
997 387.847
998 382.884
999 381.753
