0 997.799
1 910.583
2 851.584
3 802.184
4 765.307
5 725.689
6 686.088
7 675.234
8 649.174
9 641.335
10 624.808
11 609.345
12 596.957
13 586.226
14 570.718
15 559.402
16 559.484
17 551.604
18 555.588
19 529.972
20 531.55
21 526.331
22 518.724
23 502.59
24 485.076
25 500.52
26 500.317
27 484.511
28 479.479
29 469.269
30 462.393
31 464.664
32 464.539
33 492.459
34 487.195
35 491.008
36 477.017
37 466.062
38 469.363
39 461.875
40 470.841
41 472.953
42 479.373
43 482.283
44 474.334
45 472.678
46 471.73
47 464.863
48 449.731
49 442.974
50 443.403
51 458.056
52 449.65
53 447.781
54 447.568
55 442.915
56 430.478
57 444.075
58 460.333
59 450.739
60 446.6
61 445.164
62 442.555
63 433.746
64 428.468
65 429.653
66 431.471
67 432.252
68 432.655
69 424.222
70 424.951
71 441.631
72 450.856
73 432.878
74 439.164
75 444.129
76 435.967
77 420.344
78 429.484
79 444.024
80 450.704
81 421.412
82 424.832
83 430.508
84 408.371
85 416.83
86 403.956
87 407.882
88 424.231
89 419.671
90 406.06
91 418.647
92 406.357
93 398.972
94 411.182
95 420.633
96 412.402
97 411.099
98 405.668
99 407.368
100 397.471
101 405.668
102 390.674
103 388.784
104 391.767
105 408.444
106 396.159
107 388.471
108 393.919
109 400.024
110 405.215
111 418.558
112 398.291
113 393.957
114 387.37
115 392.895
116 410.906
117 407.353
118 388.306
119 404.519
120 397.106
121 415.484
122 405.311
123 407.023
124 403.85
125 407.513
126 408.471
127 413.862
128 403.015
129 394.141
130 400.539
131 409.841
132 424.005
133 412.249
134 416.504
135 399.007
136 392.617
137 398.749
138 403.5
139 393.785
140 397.772
141 398.134
142 401.806
143 406.726
144 412.107
145 399.335
146 405.195
147 404.005
148 420.303
149 405.913
150 397.516
151 401.555
152 405.561
153 405.692
154 395.305
155 394.728
156 392.456
157 397.542
158 389.891
159 407.549
160 396.056
161 408.365
162 393.481
163 407.569
164 404.33
165 395.839
166 402.222
167 396.828
168 388.162
169 400.418
170 396.067
171 401.802
172 393.419
173 402.563
174 407.058
175 399.525
176 395.215
177 398.496
178 396.283
179 401.232
180 423.472
181 405.185
182 396.812
183 404.743
184 397.96
185 410.648
186 417.626
187 411.931
188 411.96
189 416.462
190 402.233
191 400.179
192 390.374
193 408.061
194 413.359
195 404.923
196 391.68
197 392.903
198 394.713
199 395.635
200 408.322
201 401.263
202 393.995
203 412.043
204 422.469
205 418.351
206 407.872
207 410.455
208 399.915
209 409.455
210 398.382
211 400.603
212 407.872
213 400.265
214 414.567
215 399.66
216 395.122
217 403.342
218 405.423
219 396.201
220 389.608
221 407.392
222 408.272
223 404.446
224 396.022
225 401.125
226 396.541
227 396.542
228 399.274
229 405.532
230 405.318
231 403.299
232 398.65
233 404.634
234 389.932
235 394.354
236 398.875
237 398.491
238 386.827
239 381.72
240 383.287
241 403.904
242 410.534
243 417.65
244 404.999
245 392.692
246 410.888
247 398.714
248 398.278
249 405.116
250 392.028
251 403.002
252 400.327
253 401.83
254 394.176
255 398.276
256 397.896
257 392.954
258 397.546
259 404.605
260 404.346
261 423.4
262 429.018
263 412.149
264 414.038
265 394.231
266 391.254
267 400.951
268 388.249
269 383.238
270 392.041
271 407.93
272 403.005
273 397.239
274 398.42
275 407.7
276 406.691
277 404.349
278 402.309
279 414.915
280 398.863
281 411.626
282 391.25
283 393.735
284 395.11
285 396.635
286 391.417
287 412.525
288 391.748
289 414.394
290 404.394
291 420.65
292 404.314
293 403.508
294 397.812
295 403.914
296 405.232
297 397.725
298 393.579
299 403.54
300 408.501
301 389.952
302 406.77
303 413.247
304 407.661
305 389.676
306 401.219
307 399.77
308 400.029
309 398.895
310 400.916
311 400.321
312 395.53
313 396.061
314 402.027
315 397.366
316 392.358
317 402.504
318 396.565
319 395.385
320 398.897
321 394.644
322 386.739
323 405.622
324 400.41
325 416.13
326 388.062
327 385.945
328 391.221
329 389.801
330 389.922
331 397.958
332 402.726
333 403.359
334 397.553
335 396.53
336 397.443
337 403.314
338 399.153
339 405.018
340 407.898
341 413.91
342 406.855
343 418.691
344 419.343
345 404.52
346 407.347
347 410.11
348 391.729
349 397.338
350 403.326
351 396.149
352 387.796
353 393.126
354 395.909
355 397.743
356 407.178
357 399.78
358 398.628
359 406.826
360 416.411
361 416.025
362 400.326
363 387.879
364 397.594
365 397.978
366 401.291
367 399.328
368 409.998
369 410.525
370 404.39
371 418.42
372 403.55
373 395.06
374 399.829
375 408.375
376 399.277
377 403.336
378 401.346
379 407.557
380 411.536
381 389.091
382 402.851
383 406.022
384 408.359
385 397.149
386 391.417
387 389.238
388 392.951
389 395.622
390 400.074
391 404.301
392 405.195
393 411.139
394 406.46
395 393
396 386.955
397 380.697
398 392.672
399 405.916
400 395.995
401 398.66
402 394.648
403 405.409
404 397.962
405 398.094
406 413.921
407 415.798
408 399.516
409 402.858
410 396.101
411 409.736
412 396.235
413 394.256
414 403.181
415 391.451
416 398.144
417 396.793
418 401.046
419 389.139
420 393.766
421 399.416
422 402.791
423 396.68
424 402.743
425 393.803
426 396.007
427 400.096
428 400.505
429 384.295
430 397.261
431 407.268
432 404.371
433 396.618
434 381.019
435 402.412
436 412.746
437 385.087
438 403.63
439 391.778
440 398.024
441 392.79
442 402.798
443 403.621
444 383.853
445 413.076
446 415.332
447 407.209
448 424.155
449 405.592
450 401.314
451 390.583
452 405.35
453 406.367
454 396.278
455 399.979
456 396.632
457 408.633
458 416.853
459 410.36
460 394.135
461 398.371
462 396.273
463 391.554
464 398.299
465 402.352
466 416.992
467 400.103
468 390.63
469 400.113
470 395.874
471 387.24
472 402.079
473 404.476
474 405.325
475 406.589
476 405.475
477 389.509
478 386.84
479 393.42
480 387.727
481 385.182
482 393.215
483 400.615
484 399.011
485 393.044
486 391.685
487 392.37
488 405.306
489 402.659
490 399.964
491 392.199
492 389.798
493 386.862
494 391.873
495 400.818
496 401.074
497 415.051
498 409.919
499 410.733
500 381.093
501 387.452
502 404.416
503 390.482
504 393.686
505 385.977
506 397.005
507 398.633
508 394.045
509 411.704
510 404.315
511 412.831
512 414.793
513 406.244
514 402.784
515 395.344
516 404.113
517 391.111
518 413.658
519 409.818
520 402.442
521 406.808
522 406.468
523 406.986
524 397.829
525 400.286
526 386.445
527 390.665
528 395.015
529 397.507
530 405.277
531 399.82
532 395.982
533 392.502
534 392.706
535 397.152
536 395.066
537 390.115
538 397.692
539 401.815
540 398.394
541 409.403
542 408.005
543 407.371
544 399.07
545 403.201
546 394.771
547 404.549
548 403.402
549 395.104
550 395.351
551 401.914
552 392.049
553 404.113
554 405.93
555 389.552
556 395.091
557 394.1
558 392.466
559 388.778
560 397.133
561 410.126
562 403.193
563 398.839
564 403.699
565 388.835
566 383.135
567 391.758
568 387.264
569 397.13
570 391.257
571 398.267
572 391.063
573 390.204
574 392.519
575 394.291
576 391.963
577 381.644
578 393.021
579 406.527
580 396.767
581 409.424
582 405.509
583 397.664
584 403.295
585 385.494
586 389.679
587 401.359
588 386.004
589 402.291
590 394.893
591 388.795
592 402.39
593 403.091
594 383.737
595 396.779
596 404.394
597 416.471
598 408.322
599 415.187
600 417.055
601 405.662
602 399.999
603 386.105
604 393.47
605 404.124
606 397.052
607 393.717
608 403.255
609 394.478
610 398.632
611 382.243
612 387.041
613 397.135
614 402.365
615 394.204
616 403.776
617 395.89
618 405.023
619 400.48
620 391.645
621 408.89
622 402.48
623 394.542
624 392.29
625 388.492
626 395.229
627 393.513
628 399.899
629 391.481
630 407.134
631 404.221
632 394.647
633 402.309
634 398.377
635 391.661
636 401.124
637 388.197
638 394.678
639 392.141
640 397.42
641 415.892
642 407.767
643 406.782
644 413.684
645 413.894
646 424.105
647 401.184
648 392.159
649 385.77
650 400.79
651 397.867
652 403.45
653 403.296
654 426.064
655 418.636
656 406.118
657 407.331
658 401.551
659 404.868
660 395.821
661 401.447
662 402.753
663 408.741
664 398.977
665 400.054
666 400.722
667 398.809
668 393.807
669 396.622
670 399.978
671 425.724
672 394.75
673 401.674
674 412.994
675 404.427
676 400.749
677 404.313
678 404.655
679 395.329
680 395.819
681 405.945
682 408.146
683 405.393
684 397.705
685 404.609
686 391.947
687 394.546
688 403.509
689 406.701
690 403.201
691 404.086
692 402.387
693 410.702
694 395.015
695 396.587
696 401.665
697 399.58
698 394.998
699 392.997
700 400.949
701 396.942
702 404.32
703 393.705
704 405.57
705 393.849
706 395.985
707 393.086
708 401.214
709 401.507
710 402.434
711 411.737
712 414.393
713 411.153
714 412.501
715 404.737
716 393.573
717 394.555
718 385.185
719 387.623
720 389.25
721 390.953
722 405.033
723 396.176
724 406.555
725 401.467
726 400.199
727 398.699
728 391.707
729 390.603
730 397.054
731 396.291
732 396.581
733 404.844
734 388.973
735 392.417
736 416.87
737 416.739
738 399.125
739 403.212
740 402.777
741 397.32
742 397.264
743 398.385
744 402.234
745 403.405
746 395.945
747 397.323
748 409.709
749 403.102
750 392.742
751 394.677
752 403.597
753 402.976
754 408.805
755 409.526
756 397.928
757 400.123
758 405.682
759 408.673
760 401.266
761 400.622
762 392.431
763 405.118
764 394.383
765 395.125
766 404.475
767 401.608
768 396.01
769 400.13
770 398.026
771 392.853
772 390.611
773 407.282
774 388.252
775 396.13
776 411.475
777 405.577
778 398.681
779 387.026
780 412.635
781 402.85
782 399.052
783 394.917
784 394.586
785 403.974
786 401.696
787 397.816
788 393.262
789 407.376
790 417.343
791 409.973
792 405.325
793 395.882
794 392.483
795 395.657
796 390.925
797 400.334
798 393.657
799 400.367
800 396.783
801 384.276
802 394.411
803 385.566
804 392.811
805 399.407
806 396.937
807 394.086
808 406.093
809 397.391
810 396.877
811 399.725
812 399.274
813 405.042
814 411.676
815 393.523
816 406.927
817 404.946
818 404.048
819 404.367
820 407.623
821 404.055
822 393.981
823 403.89
824 413.85
825 411.356
826 395.414
827 410.786
828 395.489
829 396.175
830 392.472
831 393.281
832 395.653
833 394.825
834 402.078
835 405.472
836 399.459
837 408.142
838 404.729
839 410.273
840 388.993
841 395.826
842 405.656
843 401.597
844 396.941
845 404.35
846 406.376
847 399.411
848 399.103
849 396.141
850 398.987
851 392.102
852 398.064
853 412.57
854 419.469
855 404.797
856 389.746
857 406.36
858 396.925
859 394.477
860 388.215
861 393.248
862 397.133
863 399.577
864 397.496
865 404.265
866 410.726
867 396.584
868 401.879
869 392.854
870 420.626
871 396.919
872 397.619
873 396.441
874 392.048
875 392.164
876 393.025
877 400.308
878 401.896
879 394.481
880 403.926
881 403.686
882 393.824
883 393.343
884 401.024
885 385.815
886 381.147
887 390.694
888 397.614
889 420.08
890 422.905
891 403.332
892 392.349
893 401.278
894 389.383
895 404.477
896 393.895
897 403.367
898 394.565
899 394.124
900 394.187
901 403.971
902 396.809
903 410.13
904 407.311
905 401.138
906 413.719
907 413.319
908 391.046
909 389.002
910 403.791
911 401.819
912 397.239
913 400.158
914 410.999
915 393.394
916 400.019
917 403.306
918 411.624
919 407.344
920 386.942
921 404.5
922 402.404
923 406.443
924 389.869
925 395.219
926 405.829
927 398.787
928 390.726
929 407.991
930 392.673
931 388.555
932 407.646
933 391.037
934 397.488
935 404.38
936 420.556
937 403.69
938 401.263
939 404.166
940 404.12
941 399.093
942 404.252
943 406.303
944 412.329
945 399.253
946 394.729
947 392.276
948 387.864
949 403.663
950 401.269
951 390.783
952 409.247
953 402.05
954 383.619
955 419.969
956 400.599
957 421.773
958 407.419
959 410.404
960 407.804
961 400.198
962 405.858
963 421.42
964 413.808
965 411.667
966 402.867
967 402.651
968 385.593
969 403.957
970 388.991
971 393.942
972 388.568
973 400.088
974 401.228
975 398.873
976 406.954
977 396.816
978 394.28
979 385.385
980 392.3
981 389.719
982 415.656
983 397.992
984 397.357
985 397.335
986 389.926
987 407.023
988 393.001
989 401.099
990 384.995
991 392.899
992 410.695
993 388.141
994 397.906
995 401.124
996 408.426
997 394.155
998 398.393
999 401.123
