0 838.107
1 767.373
2 728.909
3 672.769
4 639.093
5 608.633
6 592.344
7 573.453
8 566.846
9 550.818
10 528.276
11 510.127
12 504.49
13 504.49
14 504.42
15 495.745
16 488.436
17 487.668
18 473.669
19 468.935
20 465.939
21 457.789
22 446.473
23 446.473
24 433.78
25 421.624
26 417.708
27 409.92
28 405.84
29 399.709
30 398.859
31 389.285
32 383.297
33 383.297
34 383.297
35 381.597
36 381.597
37 381.597
38 375.209
39 375.209
40 371.457
41 371.457
42 364.606
43 363.071
44 363.071
45 363.071
46 363.071
47 363.071
48 362.468
49 359.557
50 356.346
51 356.346
52 353.967
53 353.967
54 353.57
55 352.645
56 352.645
57 349.777
58 349.777
59 347.976
60 347.976
61 347.305
62 346.505
63 345.076
64 345.076
65 345.076
66 345.076
67 345.076
68 345.076
69 344.293
70 344.293
71 344.293
72 344.293
73 344.293
74 344.293
75 344.293
76 344.293
77 343.486
78 343.486
79 343.058
80 343.058
81 343.058
82 342.765
83 342.765
84 339.958
85 336.913
86 329.269
87 329.269
88 329.269
89 323.487
90 320.885
91 320.885
92 320.007
93 319.079
94 319.079
95 319.079
96 319.079
97 316.477
98 316.477
99 316.477
100 316.477
101 316.477
102 315.757
103 315.285
104 314.565
105 314.565
106 314.565
107 306.342
108 306.342
109 306.342
110 306.342
111 306.342
112 306.342
113 306.342
114 306.342
115 306.342
116 306.342
117 306.342
118 306.342
119 306.342
120 306.342
121 306.342
122 306.342
123 306.342
124 306.342
125 306.342
126 306.342
127 306.342
128 306.342
129 306.342
130 306.342
131 306.342
132 306.342
133 306.342
134 306.342
135 305.641
136 305.641
137 304.706
138 304.706
139 304.706
140 304.706
141 304.706
142 304.706
143 304.706
144 304.706
145 304.706
146 304.706
147 304.706
148 304.706
149 304.706
150 304.706
151 303.723
152 303.723
153 303.723
154 303.723
155 299.341
156 299.341
157 299.341
158 299.341
159 299.341
160 299.341
161 299.341
162 299.341
163 299.341
164 299.341
165 299.341
166 299.341
167 299.341
168 296.338
169 296.338
170 296.338
171 296.338
172 296.338
173 296.338
174 296.338
175 296.338
176 296.338
177 296.292
178 296.292
179 296.292
180 296.292
181 296.292
182 296.292
183 296.292
184 296.292
185 296.292
186 296.292
187 296.292
188 296.292
189 296.292
190 296.292
191 296.292
192 296.292
193 296.292
194 296.292
195 296.292
196 296.292
197 296.292
198 296.292
199 296.226
200 296.226
201 296.226
202 296.226
203 296.226
204 296.226
205 295.186
206 295.186
207 295.186
208 295.186
209 295.186
210 295.186
211 295.186
212 295.186
213 295.186
214 295.186
215 295.186
216 295.186
217 295.186
218 295.186
219 295.186
220 295.186
221 295.186
222 294.558
223 294.558
224 294.558
225 294.558
226 294.558
227 294.558
228 294.558
229 294.558
230 294.558
231 294.558
232 294.558
233 294.558
234 293.754
235 293.515
236 291.919
237 290.189
238 290.189
239 290.189
240 290.189
241 290.189
242 287.002
243 287.002
244 287.002
245 287.002
246 287.002
247 287.002
248 287.002
249 287.002
250 287.002
251 287.002
252 287.002
253 287.002
254 287.002
255 287.002
256 287.002
257 287.002
258 287.002
259 287.002
260 287.002
261 287.002
262 287.002
263 287.002
264 287.002
265 287.002
266 287.002
267 287.002
268 287.002
269 287.002
270 287.002
271 287.002
272 287.002
273 287.002
274 287.002
275 287.002
276 287.002
277 287.002
278 287.002
279 287.002
280 287.002
281 287.002
282 287.002
283 287.002
284 287.002
285 287.002
286 287.002
287 287.002
288 287.002
289 287.002
290 287.002
291 287.002
292 287.002
293 287.002
294 287.002
295 287.002
296 287.002
297 287.002
298 287.002
299 287.002
300 287.002
301 287.002
302 287.002
303 287.002
304 287.002
305 287.002
306 287.002
307 287.002
308 287.002
309 287.002
310 287.002
311 287.002
312 287.002
313 287.002
314 287.002
315 287.002
316 287.002
317 287.002
318 287.002
319 287.002
320 287.002
321 287.002
322 287.002
323 287.002
324 287.002
325 287.002
326 287.002
327 287.002
328 287.002
329 287.002
330 286.363
331 286.363
332 286.363
333 286.363
334 286.363
335 286.363
336 286.363
337 286.363
338 286.363
339 286.363
340 286.363
341 286.363
342 286.363
343 286.363
344 286.363
345 286.363
346 286.363
347 286.363
348 286.363
349 286.363
350 286.363
351 286.363
352 286.363
353 286.363
354 286.363
355 286.363
356 286.363
357 286.363
358 286.363
359 286.363
360 286.363
361 286.363
362 286.363
363 286.363
364 286.363
365 286.363
366 286.363
367 286.363
368 286.363
369 286.363
370 286.363
371 286.363
372 286.363
373 286.363
374 286.363
375 286.363
376 286.363
377 286.363
378 286.363
379 286.363
380 286.363
381 286.363
382 286.363
383 286.363
384 286.363
385 286.363
386 286.363
387 286.363
388 286.363
389 286.363
390 286.363
391 286.363
392 286.363
393 286.363
394 286.363
395 286.363
396 286.363
397 286.363
398 286.363
399 286.363
400 286.363
401 286.363
402 286.363
403 286.363
404 286.363
405 286.363
406 286.363
407 286.363
408 286.363
409 286.363
410 286.363
411 286.363
412 286.363
413 286.363
414 286.363
415 286.363
416 286.363
417 286.363
418 286.363
419 286.363
420 286.363
421 286.363
422 286.363
423 286.363
424 286.363
425 286.363
426 286.363
427 286.363
428 286.363
429 286.363
430 286.363
431 286.363
432 286.363
433 286.363
434 286.363
435 286.363
436 286.363
437 286.363
438 286.363
439 286.363
440 286.363
441 286.363
442 286.363
443 286.363
444 286.363
445 286.363
446 286.363
447 286.363
448 286.363
449 286.363
450 286.363
451 286.363
452 286.363
453 286.363
454 286.363
455 286.363
456 286.363
457 286.363
458 286.363
459 286.363
460 286.363
461 286.363
462 286.363
463 286.363
464 286.363
465 286.363
466 286.363
467 286.363
468 286.363
469 286.363
470 286.363
471 286.363
472 286.363
473 286.363
474 286.363
475 286.363
476 286.363
477 286.363
478 286.363
479 286.363
480 286.363
481 286.363
482 286.363
483 286.363
484 286.363
485 286.363
486 286.363
487 286.363
488 286.363
489 286.363
490 286.363
491 286.363
492 286.363
493 286.363
494 286.363
495 286.363
496 286.363
497 286.363
498 286.363
499 286.363
500 286.363
501 286.363
502 286.363
503 286.363
504 286.363
505 286.363
506 286.363
507 286.363
508 286.363
509 286.363
510 286.363
511 286.363
512 286.363
513 286.363
514 286.363
515 286.363
516 286.363
517 286.363
518 286.363
519 286.363
520 286.363
521 286.363
522 286.363
523 286.363
524 286.363
525 286.363
526 286.363
527 286.363
528 286.363
529 286.363
530 286.363
531 286.363
532 286.363
533 286.363
534 286.363
535 286.363
536 286.363
537 286.363
538 286.363
539 286.363
540 286.363
541 286.363
542 286.363
543 286.363
544 286.363
545 286.363
546 286.363
547 286.363
548 286.363
549 286.363
550 286.363
551 286.363
552 286.363
553 286.363
554 286.363
555 286.363
556 286.363
557 286.363
558 286.363
559 286.363
560 286.363
561 286.363
562 286.363
563 286.363
564 286.363
565 286.363
566 286.363
567 286.363
568 286.363
569 286.363
570 286.363
571 286.363
572 286.363
573 286.363
574 286.363
575 286.363
576 286.363
577 286.363
578 286.363
579 286.363
580 286.363
581 286.363
582 286.363
583 286.363
584 286.363
585 286.363
586 286.363
587 286.363
588 286.363
589 286.363
590 286.363
591 286.363
592 286.363
593 286.363
594 286.363
595 286.363
596 286.363
597 286.363
598 286.363
599 286.363
600 286.363
601 286.363
602 286.363
603 286.363
604 286.363
605 286.363
606 286.363
607 286.363
608 286.363
609 286.363
610 286.363
611 286.363
612 286.363
613 286.363
614 286.363
615 286.363
616 286.363
617 286.363
618 286.363
619 286.363
620 286.363
621 286.363
622 286.363
623 286.363
624 286.363
625 286.363
626 286.363
627 286.363
628 286.363
629 286.363
630 286.363
631 286.363
632 286.363
633 286.363
634 286.363
635 286.363
636 286.363
637 286.363
638 286.363
639 286.363
640 286.363
641 286.363
642 286.363
643 286.363
644 286.363
645 286.363
646 286.363
647 286.363
648 286.363
649 286.363
650 286.363
651 286.363
652 286.363
653 286.363
654 286.363
655 286.363
656 286.363
657 286.363
658 286.363
659 286.363
660 286.363
661 286.363
662 286.363
663 286.363
664 286.363
665 286.363
666 286.363
667 286.363
668 286.363
669 286.363
670 286.363
671 286.363
672 286.363
673 286.363
674 286.363
675 286.363
676 286.363
677 286.363
678 286.363
679 286.363
680 286.363
681 286.363
682 286.363
683 286.363
684 286.363
685 286.363
686 286.363
687 286.363
688 286.363
689 286.363
690 286.363
691 286.363
692 286.363
693 286.363
694 286.363
695 286.363
696 286.363
697 286.363
698 286.363
699 286.363
700 286.363
701 286.363
702 286.363
703 286.363
704 286.363
705 286.363
706 286.363
707 286.363
708 286.363
709 286.363
710 286.363
711 286.363
712 286.363
713 286.363
714 286.363
715 286.363
716 286.363
717 286.363
718 286.363
719 286.363
720 286.363
721 286.363
722 286.363
723 286.363
724 286.363
725 286.363
726 286.363
727 286.363
728 286.363
729 286.363
730 286.363
731 286.363
732 286.363
733 286.363
734 286.363
735 286.363
736 286.363
737 286.363
738 286.363
739 286.363
740 286.363
741 286.363
742 286.363
743 286.363
744 286.363
745 286.363
746 286.363
747 286.363
748 286.363
749 286.363
750 286.363
751 286.363
752 286.363
753 286.363
754 286.363
755 286.363
756 286.363
757 286.363
758 286.363
759 286.363
760 286.363
761 286.363
762 286.363
763 286.363
764 286.363
765 286.363
766 286.363
767 286.363
768 286.363
769 286.363
770 286.363
771 286.363
772 286.363
773 286.363
774 286.363
775 286.363
776 286.363
777 286.363
778 286.363
779 286.363
780 286.363
781 286.363
782 286.363
783 286.363
784 286.363
785 286.363
786 286.363
787 286.363
788 286.363
789 286.363
790 286.363
791 286.363
792 286.363
793 286.363
794 286.363
795 286.363
796 286.363
797 286.363
798 286.363
799 286.363
