0 776.829
1 746.248
2 723.1
3 669.879
4 630.344
5 618.115
6 608.368
7 583.295
8 566.097
9 551.981
10 536.734
11 522.132
12 512.445
13 504.409
14 497.82
15 484.2
16 474.867
17 461.336
18 458.957
19 451.19
20 444.639
21 443.942
22 434.098
23 430.792
24 429.099
25 425.479
26 420.556
27 416.008
28 411.791
29 411.343
30 411.12
31 410.482
32 407.954
33 404.978
34 402.346
35 402.346
36 398.351
37 398.351
38 397.319
39 397.319
40 397.319
41 397.319
42 395.917
43 391.107
44 390.81
45 386.55
46 386.55
47 385.462
48 385.026
49 381.967
50 378.423
51 378.423
52 377.643
53 377.643
54 377.643
55 377.448
56 377.448
57 376.772
58 376.772
59 376.772
60 376.502
61 376.502
62 376.502
63 376.502
64 376.502
65 373.073
66 373.073
67 373.073
68 373.073
69 373.073
70 372.401
71 370.967
72 369.258
73 365.88
74 365.88
75 365.88
76 365.88
77 365.188
78 365.188
79 365.188
80 365.188
81 364.459
82 361.499
83 352.487
84 350.532
85 350.532
86 349.334
87 349.334
88 349.334
89 349.334
90 349.334
91 348.106
92 348.106
93 348.106
94 348.106
95 344.697
96 344.697
97 344.697
98 344.697
99 344.697
100 344.697
101 344.697
102 344.697
103 344.697
104 344.697
105 344.697
106 344.697
107 342.88
108 342.88
109 342.88
110 342.88
111 342.88
112 342.88
113 342.88
114 342.88
115 342.88
116 342.88
117 342.88
118 342.88
119 342.88
120 342.88
121 342.88
122 342.88
123 342.88
124 342.88
125 342.88
126 342.88
127 342.88
128 342.88
129 342.88
130 342.88
131 342.88
132 342.88
133 342.88
134 342.88
135 342.88
136 342.88
137 342.88
138 342.88
139 342.88
140 342.88
141 342.88
142 342.88
143 342.88
144 342.88
145 342.88
146 342.88
147 342.88
148 342.88
149 342.88
150 342.88
151 342.88
152 342.88
153 342.88
154 342.88
155 342.88
156 342.88
157 342.88
158 342.88
159 342.88
160 342.88
161 342.88
162 342.88
163 342.88
164 342.88
165 342.88
166 342.88
167 342.88
168 342.88
169 342.88
170 342.88
171 342.88
172 342.88
173 342.88
174 342.88
175 342.88
176 342.88
177 342.88
178 342.88
179 342.88
180 342.88
181 342.88
182 342.88
183 342.88
184 342.88
185 342.805
186 342.805
187 342.805
188 342.805
189 342.805
190 342.805
191 342.805
192 342.805
193 342.805
194 342.805
195 342.805
196 342.805
197 342.805
198 342.805
199 342.805
200 342.805
201 342.805
202 342.805
203 341.934
204 341.934
205 341.934
206 341.734
207 341.734
208 341.734
209 341.734
210 341.734
211 341.734
212 341.734
213 341.734
214 341.734
215 341.734
216 341.734
217 341.734
218 341.734
219 341.637
220 341.637
221 341.637
222 341.637
223 341.637
224 341.637
225 341.637
226 341.637
227 341.637
228 341.637
229 341.637
230 341.637
231 341.637
232 341.637
233 341.637
234 341.637
235 341.637
236 341.637
237 341.637
238 341.637
239 341.637
240 341.637
241 341.637
242 341.637
243 341.637
244 341.637
245 341.637
246 341.637
247 341.637
248 341.637
249 341.637
250 341.637
251 341.637
252 341.637
253 341.637
254 341.637
255 341.637
256 341.637
257 341.637
258 341.637
259 341.637
260 340.916
261 340.916
262 340.916
263 340.916
264 340.916
265 340.916
266 340.916
267 340.916
268 340.916
269 340.384
270 340.384
271 340.384
272 340.384
273 340.384
274 340.384
275 340.384
276 340.384
277 340.384
278 340.384
279 340.384
280 340.384
281 340.384
282 340.384
283 340.384
284 340.384
285 340.384
286 340.384
287 340.384
288 340.384
289 340.384
290 340.384
291 340.384
292 340.384
293 340.384
294 340.384
295 340.384
296 340.384
297 340.384
298 340.384
299 340.384
300 340.384
301 340.384
302 340.384
303 340.384
304 340.384
305 340.384
306 340.384
307 340.384
308 340.384
309 340.384
310 340.384
311 340.384
312 340.384
313 340.384
314 340.384
315 338.581
316 338.581
317 338.581
318 338.581
319 338.581
320 338.581
321 338.581
322 338.581
323 338.581
324 338.581
325 338.581
326 338.581
327 338.581
328 338.581
329 338.581
330 338.581
331 338.581
332 338.581
333 338.581
334 338.581
335 338.581
336 338.581
337 338.581
338 338.581
339 338.581
340 338.581
341 338.581
342 338.581
343 338.581
344 338.581
345 338.581
346 338.581
347 338.581
348 338.581
349 338.581
350 338.581
351 338.581
352 338.581
353 338.581
354 338.581
355 338.581
356 338.581
357 338.581
358 338.581
359 338.581
360 338.581
361 338.581
362 338.581
363 338.581
364 338.581
365 338.581
366 338.581
367 338.581
368 338.581
369 338.581
370 338.581
371 338.581
372 338.581
373 338.581
374 338.581
375 338.581
376 338.581
377 338.581
378 338.581
379 338.581
380 338.581
381 338.581
382 338.581
383 338.581
384 338.581
385 338.581
386 338.581
387 338.581
388 338.581
389 338.581
390 338.581
391 338.581
392 338.581
393 338.581
394 338.581
395 338.581
396 338.581
397 338.581
398 338.581
399 338.581
400 338.581
401 338.581
402 338.581
403 338.581
404 338.581
405 338.581
406 338.581
407 338.581
408 338.581
409 338.581
410 338.581
411 338.581
412 338.581
413 338.581
414 338.581
415 338.581
416 338.581
417 338.581
418 338.581
419 338.581
420 338.581
421 338.581
422 338.581
423 338.581
424 338.581
425 338.581
426 338.581
427 338.581
428 338.581
429 338.581
430 338.581
431 338.581
432 338.581
433 338.581
434 338.581
435 338.581
436 338.581
437 338.581
438 338.581
439 338.581
440 338.581
441 338.581
442 338.581
443 338.581
444 338.581
445 338.581
446 338.581
447 338.581
448 338.581
449 338.581
450 338.581
451 338.581
452 338.581
453 338.581
454 338.581
455 338.581
456 338.581
457 338.581
458 338.581
459 338.581
460 338.581
461 338.581
462 338.581
463 338.581
464 338.581
465 338.581
466 338.581
467 338.581
468 338.581
469 338.581
470 338.581
471 338.581
472 338.581
473 338.581
474 338.581
475 338.581
476 338.581
477 338.581
478 338.581
479 338.581
480 338.581
481 338.581
482 338.581
483 338.581
484 338.581
485 338.581
486 338.581
487 338.581
488 338.581
489 338.581
490 338.581
491 338.581
492 338.581
493 338.581
494 338.581
495 338.581
496 338.581
497 338.581
498 338.581
499 338.581
500 338.581
501 338.581
502 338.581
503 338.581
504 338.581
505 338.581
506 338.581
507 338.581
508 338.581
509 338.581
510 338.581
511 338.581
512 338.581
513 338.581
514 338.581
515 338.581
516 338.581
517 338.581
518 338.581
519 338.581
520 338.581
521 338.581
522 338.581
523 338.581
524 338.581
525 338.581
526 338.581
527 338.581
528 338.581
529 338.581
530 338.581
531 338.581
532 338.581
533 338.581
534 338.581
535 338.581
536 338.581
537 338.581
538 338.581
539 338.581
540 338.581
541 338.581
542 338.581
543 338.581
544 338.581
545 338.581
546 338.581
547 338.581
548 338.581
549 338.581
550 338.581
551 338.581
552 338.581
553 338.581
554 338.581
555 338.581
556 338.581
557 338.581
558 338.581
559 338.581
560 338.581
561 338.581
562 338.581
563 338.581
564 338.581
565 338.581
566 338.581
567 338.581
568 338.581
569 338.581
570 338.581
571 338.581
572 338.581
573 338.581
574 338.581
575 338.581
576 338.581
577 338.581
578 338.581
579 338.581
580 338.581
581 338.581
582 338.581
583 338.581
584 338.581
585 338.581
586 338.581
587 338.581
588 338.581
589 338.581
590 338.581
591 338.581
592 338.581
593 338.581
594 338.581
595 338.581
596 338.581
597 338.581
598 338.581
599 338.581
600 338.581
601 338.581
602 338.581
603 338.581
604 338.581
605 338.581
606 338.581
607 338.581
608 338.581
609 338.581
610 338.581
611 338.581
612 338.581
613 338.581
614 338.581
615 338.581
616 338.581
617 338.581
618 338.581
619 338.581
620 338.581
621 338.581
622 338.581
623 338.581
624 338.581
625 338.581
626 338.581
627 338.581
628 338.581
629 338.581
630 338.581
631 338.581
632 338.581
633 338.581
634 338.581
635 338.581
636 338.581
637 338.581
638 338.581
639 338.581
640 338.581
641 338.581
642 338.581
643 338.581
644 338.581
645 338.581
646 338.581
647 338.581
648 338.581
649 338.581
650 338.581
651 338.581
652 338.581
653 338.581
654 338.581
655 338.581
656 338.581
657 338.581
658 338.581
659 338.581
660 338.581
661 338.581
662 338.581
663 338.581
664 338.581
665 338.581
666 338.581
667 338.581
668 338.581
669 338.581
670 338.581
671 338.581
672 338.581
673 338.581
674 338.581
675 338.581
676 338.581
677 338.581
678 338.581
679 338.581
680 338.581
681 338.581
682 338.581
683 338.581
684 338.581
685 338.581
686 338.581
687 338.581
688 338.581
689 338.581
690 338.581
691 338.581
692 338.581
693 338.581
694 338.581
695 338.581
696 338.581
697 338.581
698 338.581
699 338.581
700 338.581
701 338.581
702 338.581
703 338.581
704 338.581
705 338.581
706 338.581
707 338.581
708 338.581
709 338.581
710 338.581
711 338.581
712 338.581
713 338.581
714 338.581
715 338.581
716 338.581
717 338.581
718 338.581
719 338.581
720 338.581
721 338.581
722 338.581
723 338.581
724 338.581
725 338.581
726 338.581
727 338.581
728 338.581
729 338.581
730 338.581
731 338.581
732 338.581
733 338.581
734 338.581
735 338.581
736 338.581
737 338.581
738 338.581
739 338.581
740 338.581
741 338.581
742 338.581
743 338.581
744 338.581
745 338.581
746 338.581
747 338.581
748 338.581
749 338.581
750 338.581
751 338.581
752 338.581
753 338.581
754 338.581
755 338.581
756 338.581
757 338.581
758 338.581
759 338.581
760 338.581
761 338.581
762 338.581
763 338.581
764 338.581
765 338.581
766 338.581
767 338.581
768 338.581
769 338.581
770 338.581
771 338.581
772 338.581
773 338.581
774 338.581
775 338.581
776 338.581
777 338.581
778 338.581
779 338.581
780 338.581
781 338.581
782 338.581
783 338.581
784 338.581
785 338.581
786 338.581
787 338.581
788 338.581
789 338.581
790 338.581
791 338.581
792 338.581
793 338.581
794 338.581
795 338.581
796 338.581
797 338.581
798 338.581
799 338.581
800 338.581
801 338.581
802 338.581
803 338.581
804 338.581
805 338.581
806 338.581
807 338.581
808 338.581
809 338.581
810 338.581
811 338.581
812 338.581
813 338.581
814 338.581
815 338.581
816 338.581
817 338.581
818 338.581
819 338.581
820 338.581
821 338.581
822 338.581
823 338.581
824 338.581
825 338.581
826 338.581
827 338.581
828 338.581
829 338.581
830 338.581
831 338.581
832 338.581
833 338.581
834 338.581
835 338.581
836 338.581
837 338.581
838 338.581
839 338.581
840 338.581
841 338.581
842 338.581
843 338.581
844 338.581
845 338.581
846 338.581
847 338.581
848 338.581
849 338.581
850 338.581
851 338.581
852 338.581
853 338.581
854 338.581
855 338.581
856 338.581
857 338.581
858 338.581
859 338.581
860 338.581
861 338.581
862 338.581
863 338.581
864 338.581
865 338.581
866 338.581
867 338.581
868 338.581
869 338.581
870 338.581
871 338.581
872 338.581
873 338.581
874 338.581
875 338.581
876 338.581
877 338.581
878 338.581
879 338.581
880 338.581
881 338.581
882 338.581
883 338.581
884 338.581
885 338.581
886 338.581
887 338.581
888 338.581
889 338.581
890 338.581
891 338.581
892 338.581
893 338.581
894 338.581
895 338.581
896 338.581
897 338.581
898 338.581
899 338.581
900 338.581
901 338.581
902 338.581
903 338.581
904 338.581
905 338.581
906 338.581
907 338.581
908 338.581
909 338.581
910 338.581
911 338.581
912 338.581
913 338.581
914 338.581
915 338.581
916 338.581
917 338.581
918 338.581
919 338.581
920 338.581
921 338.581
922 338.581
923 338.581
924 338.581
925 338.581
926 338.581
927 338.581
928 338.581
929 338.581
930 338.581
931 338.581
932 338.581
933 338.581
934 338.581
935 338.581
936 338.581
937 338.581
938 338.581
939 338.581
940 338.581
941 338.581
942 338.581
943 338.581
944 338.581
945 338.581
946 338.581
947 338.581
948 338.581
949 338.581
950 338.581
951 338.581
952 338.581
953 338.581
954 338.581
955 338.581
956 338.581
957 338.581
958 338.581
959 338.581
960 338.581
961 338.581
962 338.581
963 338.581
964 338.581
965 338.581
966 338.581
967 338.581
968 338.581
969 338.581
970 338.581
971 338.581
972 338.581
973 338.581
974 338.581
975 338.581
976 338.581
977 338.581
978 338.581
979 338.581
980 338.581
981 338.581
982 338.581
983 338.581
984 338.581
985 338.581
986 338.581
987 338.581
988 338.581
989 338.581
990 338.581
991 338.581
992 338.581
993 338.581
994 338.581
995 338.581
996 338.581
997 338.581
998 338.581
999 338.581
