0 786.86
1 763.115
2 719.295
3 693.795
4 681.998
5 671.329
6 637.259
7 613.781
8 599.743
9 596.475
10 590.323
11 557.447
12 536.409
13 512.648
14 508.478
15 508.254
16 494.276
17 479.91
18 474.183
19 468.797
20 458.596
21 445.827
22 437.312
23 424.357
24 424.224
25 415.03
26 414.078
27 406.086
28 402.532
29 401.563
30 400.625
31 397.832
32 387.78
33 386.819
34 385.153
35 384.632
36 379.57
37 373.834
38 373.834
39 369.409
40 368.633
41 365.01
42 365.01
43 364.093
44 364.093
45 364.093
46 362.754
47 356.453
48 353.989
49 353.724
50 353.724
51 351.801
52 350.431
53 350.431
54 350.386
55 350.386
56 350.386
57 350.386
58 347.612
59 347.612
60 347.612
61 347.612
62 347.243
63 346.857
64 346.857
65 346.857
66 346.857
67 346.209
68 346.084
69 346.084
70 346.084
71 345.598
72 345.598
73 345.598
74 345.598
75 341.406
76 341.205
77 338.919
78 331.427
79 329.821
80 329.821
81 329.821
82 329.821
83 329.821
84 329.037
85 329.037
86 329.037
87 329.037
88 329.037
89 329.037
90 329.037
91 329.037
92 329.037
93 329.037
94 329.037
95 329.037
96 328.341
97 328.341
98 328.341
99 328.341
100 328.341
101 328.341
102 328.341
103 328.175
104 328.175
105 328.175
106 328.175
107 328.175
108 328.175
109 328.175
110 328.175
111 328.175
112 328.175
113 328.175
114 328.175
115 328.175
116 328.175
117 328.175
118 328.175
119 328.175
120 328.175
121 328.175
122 328.175
123 328.175
124 328.175
125 328.175
126 328.175
127 328.175
128 328.175
129 328.175
130 328.175
131 328.175
132 328.175
133 328.175
134 328.175
135 328.175
136 328.175
137 328.175
138 328.175
139 328.175
140 328.175
141 328.175
142 328.175
143 328.175
144 328.175
145 328.175
146 328.175
147 328.175
148 328.175
149 328.175
150 328.175
151 328.175
152 328.175
153 328.175
154 328.175
155 328.175
156 328.175
157 328.175
158 328.175
159 328.175
160 328.175
161 328.175
162 328.175
163 328.175
164 328.175
165 328.175
166 328.175
167 328.175
168 328.175
169 325.809
170 325.809
171 325.809
172 325.809
173 325.809
174 325.809
175 325.809
176 325.809
177 325.809
178 325.809
179 325.809
180 325.809
181 325.809
182 325.809
183 325.809
184 325.809
185 325.809
186 325.809
187 325.809
188 325.809
189 325.809
190 325.809
191 325.809
192 325.809
193 325.809
194 325.809
195 325.809
196 325.809
197 325.809
198 325.809
199 325.809
200 325.809
201 325.809
202 325.809
203 325.809
204 325.809
205 325.809
206 325.809
207 325.809
208 325.809
209 325.809
210 325.809
211 325.809
212 325.809
213 325.809
214 325.809
215 325.809
216 325.809
217 325.809
218 325.809
219 325.809
220 325.809
221 325.809
222 325.809
223 325.809
224 325.809
225 325.809
226 325.809
227 325.809
228 325.809
229 325.809
230 325.809
231 325.809
232 325.809
233 325.809
234 325.809
235 325.809
236 325.809
237 325.809
238 325.809
239 325.809
240 325.809
241 325.809
242 325.809
243 325.809
244 325.809
245 325.809
246 325.809
247 325.809
248 325.809
249 325.809
250 325.809
251 325.809
252 325.809
253 325.809
254 325.809
255 325.809
256 325.809
257 325.809
258 325.809
259 325.809
260 325.809
261 325.809
262 325.809
263 325.809
264 325.809
265 325.809
266 325.809
267 325.809
268 325.809
269 325.809
270 325.809
271 325.809
272 325.809
273 325.809
274 325.809
275 325.809
276 325.809
277 325.809
278 325.809
279 325.809
280 325.809
281 325.809
282 325.809
283 325.809
284 325.809
285 325.809
286 325.809
287 325.809
288 325.809
289 325.809
290 325.809
291 325.809
292 325.809
293 325.809
294 325.809
295 325.809
296 325.809
297 325.809
298 325.809
299 325.809
300 325.809
301 325.809
302 325.809
303 325.809
304 325.809
305 325.809
306 325.809
307 325.809
308 325.809
309 325.809
310 325.809
311 325.809
312 325.809
313 325.809
314 325.809
315 325.809
316 325.809
317 323.198
318 323.198
319 323.198
320 323.198
321 323.198
322 323.198
323 323.198
324 323.198
325 323.198
326 320.009
327 320.009
328 320.009
329 320.009
330 320.009
331 320.009
332 320.009
333 320.009
334 320.009
335 320.009
336 320.009
337 320.009
338 320.009
339 320.009
340 320.009
341 320.009
342 320.009
343 320.009
344 318.193
345 318.193
346 318.193
347 318.193
348 318.193
349 318.193
350 318.193
351 318.193
352 318.193
353 318.193
354 318.193
355 318.193
356 318.193
357 318.193
358 318.193
359 318.193
360 318.193
361 318.193
362 318.193
363 318.193
364 318.193
365 318.193
366 318.193
367 318.193
368 318.193
369 318.193
370 318.193
371 318.193
372 318.193
373 318.193
374 318.193
375 318.193
376 318.193
377 318.193
378 318.193
379 318.193
380 318.193
381 318.193
382 318.193
383 318.193
384 318.193
385 318.193
386 318.193
387 318.193
388 318.193
389 318.193
390 317.028
391 317.028
392 317.028
393 317.028
394 317.028
395 317.028
396 317.028
397 317.028
398 317.028
399 317.028
400 317.028
401 317.028
402 317.028
403 317.028
404 317.028
405 317.028
406 317.028
407 317.028
408 317.028
409 317.028
410 317.028
411 317.028
412 317.028
413 317.028
414 317.028
415 317.028
416 317.028
417 317.028
418 317.028
419 317.028
420 315.561
421 315.561
422 315.561
423 315.561
424 315.561
425 315.561
426 315.561
427 315.561
428 315.561
429 315.561
430 315.561
431 315.561
432 315.561
433 315.561
434 315.561
435 315.561
436 315.561
437 315.561
438 315.561
439 315.561
440 315.561
441 315.561
442 315.561
443 315.561
444 315.561
445 315.561
446 315.561
447 315.561
448 315.561
449 315.561
450 315.561
451 315.561
452 315.561
453 315.561
454 315.561
455 315.561
456 315.561
457 315.561
458 315.561
459 315.561
460 315.561
461 315.561
462 315.561
463 315.561
464 315.561
465 315.561
466 315.561
467 315.561
468 315.561
469 315.561
470 315.561
471 315.561
472 315.561
473 315.561
474 315.561
475 315.561
476 315.561
477 315.561
478 315.561
479 315.561
480 315.561
481 315.561
482 315.561
483 315.561
484 315.561
485 315.48
486 315.48
487 315.48
488 315.48
489 315.48
490 315.48
491 315.48
492 315.48
493 315.48
494 315.48
495 315.48
496 315.48
497 315.48
498 315.48
499 315.48
500 315.48
501 315.48
502 315.48
503 315.48
504 315.48
505 315.48
506 315.48
507 315.48
508 315.48
509 315.48
510 315.48
511 315.48
512 315.48
513 315.48
514 315.48
515 315.48
516 315.48
517 315.48
518 315.48
519 315.48
520 315.48
521 315.48
522 315.48
523 315.48
524 315.48
525 315.48
526 315.48
527 315.48
528 315.48
529 315.48
530 315.48
531 315.48
532 315.48
533 315.48
534 315.48
535 315.48
536 315.48
537 315.48
538 315.48
539 315.48
540 315.48
541 315.48
542 315.48
543 315.48
544 315.48
545 315.48
546 315.48
547 315.48
548 315.48
549 315.48
550 315.48
551 315.48
552 315.48
553 315.48
554 315.48
555 315.48
556 315.48
557 315.48
558 315.48
559 315.48
560 315.48
561 315.48
562 315.48
563 315.48
564 315.48
565 315.48
566 315.48
567 315.48
568 315.48
569 315.48
570 315.48
571 315.48
572 315.48
573 315.48
574 315.48
575 315.48
576 315.48
577 315.48
578 315.48
579 315.48
580 315.48
581 315.48
582 315.48
583 315.48
584 315.48
585 315.48
586 315.48
587 315.48
588 315.48
589 315.48
590 315.48
591 315.48
592 315.48
593 315.48
594 315.48
595 315.48
596 315.48
597 315.48
598 315.48
599 315.48
600 315.48
601 315.48
602 315.48
603 315.48
604 315.48
605 315.48
606 315.48
607 315.48
608 315.48
609 315.48
610 315.48
611 315.48
612 315.48
613 315.48
614 315.48
615 315.48
616 315.48
617 315.48
618 315.48
619 315.48
620 315.48
621 315.48
622 315.48
623 315.48
624 315.48
625 315.48
626 315.48
627 315.48
628 315.48
629 315.48
630 315.48
631 315.48
632 315.48
633 315.48
634 315.48
635 315.48
636 315.48
637 315.48
638 315.48
639 315.48
640 315.48
641 315.48
642 315.48
643 315.48
644 315.48
645 315.48
646 315.48
647 315.48
648 315.48
649 315.48
650 315.48
651 315.48
652 315.48
653 315.48
654 315.48
655 315.48
656 315.48
657 315.48
658 315.48
659 315.48
660 315.48
661 315.48
662 315.48
663 315.48
664 315.48
665 315.48
666 315.48
667 315.48
668 315.48
669 315.48
670 315.48
671 315.48
672 315.48
673 315.48
674 315.48
675 315.48
676 315.48
677 315.48
678 315.48
679 315.48
680 315.48
681 315.48
682 315.48
683 315.48
684 315.48
685 315.48
686 315.48
687 315.48
688 315.48
689 315.48
690 315.48
691 315.48
692 315.48
693 315.48
694 315.48
695 315.48
696 315.48
697 315.48
698 315.48
699 315.48
700 315.48
701 315.48
702 315.48
703 315.48
704 315.48
705 315.48
706 315.48
707 315.48
708 315.48
709 315.48
710 315.48
711 315.48
712 315.48
713 315.48
714 315.48
715 315.48
716 315.48
717 315.48
718 315.48
719 315.48
720 315.48
721 315.48
722 315.48
723 315.48
724 315.48
725 315.48
726 315.48
727 315.48
728 315.48
729 315.48
730 315.48
731 315.48
732 315.48
733 315.48
734 315.48
735 315.48
736 315.48
737 315.48
738 315.48
739 315.48
740 315.48
741 315.48
742 315.48
743 315.48
744 315.48
745 315.48
746 315.48
747 315.48
748 315.48
749 315.48
750 315.48
751 315.48
752 315.48
753 315.48
754 315.48
755 315.48
756 315.48
757 315.48
758 315.48
759 315.48
760 315.48
761 315.48
762 315.48
763 315.48
764 315.48
765 315.48
766 315.48
767 315.48
768 315.48
769 315.48
770 315.48
771 315.48
772 315.48
773 315.48
774 315.48
775 315.48
776 315.48
777 315.48
778 315.48
779 315.48
780 315.48
781 315.48
782 315.48
783 315.48
784 315.48
785 315.48
786 315.48
787 315.48
788 315.48
789 315.48
790 315.48
791 315.48
792 315.48
793 315.48
794 315.48
795 315.48
796 315.48
797 315.48
798 315.48
799 315.48
800 315.48
801 315.48
802 315.48
803 315.48
804 315.48
805 315.48
806 315.48
807 315.48
808 315.48
809 315.48
810 315.48
811 315.48
812 315.48
813 315.48
814 315.48
815 315.48
816 315.48
817 315.48
818 315.48
819 315.48
820 315.48
821 315.48
822 315.48
823 315.48
824 315.48
825 315.48
826 315.48
827 315.48
828 315.48
829 315.48
830 315.48
831 315.48
832 315.48
833 315.48
834 315.48
835 315.48
836 315.48
837 315.48
838 315.48
839 315.48
840 315.48
841 315.48
842 315.48
843 315.48
844 315.48
845 315.48
846 315.48
847 315.48
848 315.48
849 315.48
850 315.48
851 315.48
852 315.48
853 315.48
854 315.48
855 315.48
856 315.48
857 315.48
858 315.48
859 315.48
860 315.48
861 315.48
862 315.48
863 315.48
864 315.48
865 315.48
866 315.48
867 315.48
868 315.48
869 315.48
870 315.48
871 315.48
872 315.48
873 315.48
874 315.48
875 315.48
876 315.48
877 315.48
878 315.48
879 315.48
880 315.48
881 315.48
882 315.48
883 315.48
884 315.48
885 315.48
886 315.48
887 315.48
888 315.48
889 315.48
890 315.48
891 315.48
892 315.48
893 315.48
894 315.48
895 315.48
896 315.48
897 315.48
898 315.48
899 315.48
900 315.48
901 315.48
902 315.48
903 315.48
904 315.48
905 315.48
906 315.48
907 315.48
908 315.48
909 315.48
910 315.48
911 315.48
912 315.48
913 315.48
914 315.48
915 315.48
916 315.48
917 315.48
918 315.48
919 315.48
920 315.48
921 315.48
922 315.48
923 315.48
924 315.48
925 315.48
926 315.48
927 315.48
928 315.48
929 315.48
930 315.48
931 315.48
932 315.48
933 315.48
934 315.48
935 315.48
936 315.48
937 315.48
938 315.48
939 315.48
940 315.48
941 315.48
942 315.48
943 315.48
944 315.48
945 315.48
946 315.48
947 315.48
948 315.48
949 315.48
950 315.48
951 315.48
952 315.48
953 315.48
954 315.48
955 315.48
956 315.48
957 315.48
958 315.48
959 315.48
960 315.48
961 315.48
962 315.48
963 315.48
964 315.48
965 315.48
966 315.48
967 315.48
968 315.48
969 315.48
970 315.48
971 315.48
972 315.48
973 315.48
974 315.48
975 315.48
976 315.48
977 315.48
978 315.48
979 315.48
980 315.48
981 315.48
982 315.48
983 315.48
984 315.48
985 315.48
986 315.48
987 315.48
988 315.48
989 315.48
990 315.48
991 315.48
992 315.48
993 315.48
994 315.48
995 315.48
996 315.48
997 315.48
998 315.48
999 315.48
