0 791.677
1 749.701
2 705.698
3 683.538
4 666.666
5 643.662
6 623.947
7 601.946
8 582.671
9 575.101
10 556.553
11 545.347
12 530.536
13 517.253
14 505.641
15 495.375
16 490.142
17 487.999
18 476.51
19 471.504
20 466.721
21 465.912
22 456.493
23 453.38
24 452.298
25 441.545
26 435.474
27 434.432
28 433.44
29 433.236
30 433.236
31 425.11
32 424.405
33 421.156
34 420.901
35 406.154
36 402.948
37 401.736
38 397.996
39 395.837
40 389.283
41 387.757
42 386.366
43 386.132
44 379.85
45 379.77
46 377.179
47 374.72
48 370.853
49 370.476
50 367.206
51 366.887
52 366.887
53 366.078
54 360.575
55 359.239
56 353.706
57 353.706
58 353.583
59 353.583
60 353.583
61 353.583
62 353.583
63 353.583
64 353.583
65 352.422
66 351.93
67 351.93
68 351.464
69 351.464
70 351.464
71 350.232
72 350.232
73 350.139
74 350.139
75 350.139
76 349.332
77 349.332
78 349.332
79 349.332
80 349.332
81 349.332
82 349.332
83 349.332
84 349.332
85 349.332
86 348.375
87 348.375
88 346.067
89 346.067
90 346.067
91 346.067
92 346.067
93 346.067
94 346.067
95 346.067
96 346.037
97 346.037
98 346.037
99 346.037
100 346.037
101 346.037
102 346.037
103 346.037
104 346.037
105 346.037
106 346.037
107 346.037
108 346.037
109 346.037
110 345.075
111 345.075
112 345.075
113 345.075
114 345.075
115 345.075
116 345.075
117 345.075
118 345.075
119 345.075
120 345.075
121 345.075
122 345.075
123 345.075
124 345.075
125 345.075
126 345.075
127 345.075
128 345.075
129 345.075
130 345.075
131 345.075
132 344.275
133 344.275
134 344.275
135 344.275
136 344.275
137 344.275
138 344.275
139 344.275
140 344.275
141 344.275
142 344.275
143 344.275
144 344.275
145 344.275
146 344.275
147 344.275
148 344.275
149 344.275
150 344.275
151 342.279
152 342.279
153 342.279
154 342.279
155 342.279
156 342.279
157 342.279
158 342.279
159 342.279
160 342.279
161 342.279
162 342.279
163 342.279
164 342.279
165 342.279
166 342.279
167 342.279
168 342.279
169 342.279
170 342.279
171 342.279
172 342.279
173 342.279
174 342.279
175 342.279
176 342.279
177 342.279
178 342.279
179 342.279
180 342.279
181 342.279
182 342.279
183 342.279
184 342.279
185 342.279
186 342.279
187 342.279
188 342.279
189 342.279
190 342.279
191 342.279
192 342.279
193 342.279
194 342.279
195 342.279
196 342.279
197 342.279
198 342.279
199 342.279
200 342.279
201 342.279
202 342.279
203 342.279
204 342.279
205 342.279
206 342.279
207 342.279
208 342.279
209 342.279
210 342.279
211 339.822
212 339.822
213 339.822
214 339.822
215 339.822
216 339.822
217 339.436
218 339.436
219 339.436
220 339.436
221 339.436
222 339.436
223 339.436
224 339.436
225 339.436
226 339.436
227 339.436
228 339.436
229 339.436
230 339.436
231 339.436
232 339.436
233 339.436
234 339.436
235 339.436
236 339.436
237 339.436
238 339.436
239 339.436
240 339.436
241 339.436
242 339.436
243 339.436
244 339.436
245 339.436
246 339.436
247 339.436
248 339.436
249 339.436
250 339.382
251 339.382
252 339.382
253 339.382
254 339.382
255 339.382
256 339.382
257 339.382
258 339.382
259 339.382
260 339.382
261 339.382
262 339.382
263 339.382
264 339.382
265 339.382
266 339.382
267 339.382
268 339.382
269 339.382
270 339.382
271 339.382
272 338.616
273 338.616
274 338.616
275 338.616
276 338.616
277 337.263
278 337.263
279 337.263
280 337.263
281 337.263
282 337.263
283 337.263
284 337.263
285 337.263
286 337.263
287 337.263
288 337.263
289 337.263
290 337.263
291 337.263
292 337.263
293 337.263
294 337.263
295 337.263
296 337.263
297 337.263
298 337.263
299 337.263
300 337.263
301 337.263
302 337.263
303 337.263
304 337.263
305 337.263
306 337.263
307 337.263
308 337.263
309 337.263
310 337.263
311 337.263
312 337.263
313 337.263
314 337.263
315 337.263
316 337.263
317 337.263
318 337.263
319 337.263
320 337.263
321 337.263
322 337.263
323 337.263
324 337.263
325 337.263
326 337.263
327 337.263
328 337.263
329 337.263
330 337.263
331 337.263
332 337.263
333 337.263
334 337.263
335 337.263
336 337.263
337 337.263
338 337.263
339 337.263
340 337.263
341 337.263
342 337.263
343 337.263
344 337.263
345 337.263
346 337.263
347 337.263
348 337.263
349 337.263
350 336.318
351 336.318
352 336.318
353 336.318
354 336.318
355 336.318
356 336.318
357 336.318
358 336.318
359 336.318
360 330.773
361 330.773
362 330.773
363 323.617
364 323.54
365 323.54
366 323.54
367 322.784
368 322.784
369 322.784
370 322.784
371 322.391
372 322.391
373 322.391
374 322.102
375 322.102
376 322.102
377 322.102
378 322.102
379 322.102
380 313.004
381 313.004
382 313.004
383 313.004
384 313.004
385 313.004
386 313.004
387 313.004
388 313.004
389 313.004
390 313.004
391 313.004
392 313.004
393 313.004
394 313.004
395 313.004
396 313.004
397 313.004
398 313.004
399 313.004
400 312.637
401 312.637
402 304.47
403 304.47
404 304.47
405 304.47
406 304.47
407 304.47
408 304.47
409 304.47
410 304.47
411 304.47
412 303.365
413 303.365
414 303.365
415 303.365
416 303.365
417 303.365
418 303.365
419 302.378
420 302.378
421 302.378
422 302.378
423 302.378
424 302.378
425 302.378
426 302.378
427 302.378
428 302.378
429 302.378
430 302.378
431 302.378
432 302.378
433 302.378
434 302.378
435 302.378
436 302.378
437 302.378
438 302.378
439 302.378
440 302.378
441 302.378
442 302.378
443 302.378
444 302.378
445 302.378
446 302.378
447 302.378
448 302.378
449 302.378
450 302.378
451 302.378
452 302.378
453 302.378
454 302.378
455 302.378
456 302.378
457 302.378
458 302.378
459 302.378
460 302.378
461 302.378
462 302.378
463 302.378
464 302.378
465 302.378
466 302.378
467 302.378
468 302.378
469 302.378
470 302.378
471 302.378
472 302.378
473 302.378
474 302.378
475 302.378
476 302.378
477 302.378
478 302.378
479 302.378
480 302.378
481 302.378
482 302.378
483 302.378
484 302.378
485 302.378
486 302.378
487 302.378
488 302.378
489 302.378
490 302.378
491 302.378
492 302.378
493 302.378
494 302.378
495 302.378
496 302.378
497 302.378
498 302.378
499 302.378
500 302.378
501 302.378
502 302.378
503 302.378
504 302.378
505 302.378
506 302.378
507 302.378
508 302.378
509 302.378
510 302.378
511 302.378
512 302.378
513 302.378
514 302.378
515 302.378
516 302.378
517 302.378
518 302.378
519 302.378
520 302.378
521 302.378
522 299.497
523 299.497
524 299.497
525 298.03
526 298.03
527 298.03
528 298.03
529 298.03
530 298.03
531 298.03
532 298.03
533 298.03
534 298.03
535 298.03
536 298.03
537 298.03
538 298.03
539 298.03
540 298.03
541 298.03
542 298.03
543 298.03
544 298.03
545 298.03
546 298.03
547 298.03
548 298.03
549 298.03
550 298.03
551 298.03
552 298.03
553 298.03
554 298.03
555 298.03
556 298.03
557 298.03
558 298.03
559 298.03
560 298.03
561 298.03
562 298.03
563 298.03
564 298.03
565 298.03
566 298.03
567 298.03
568 298.03
569 298.03
570 298.03
571 298.03
572 298.03
573 298.03
574 298.03
575 298.03
576 298.03
577 298.03
578 298.03
579 298.03
580 298.03
581 298.03
582 298.03
583 298.03
584 298.03
585 298.03
586 298.03
587 298.03
588 298.03
589 298.03
590 298.03
591 298.03
592 298.03
593 298.03
594 298.03
595 298.03
596 298.03
597 298.03
598 298.03
599 298.03
600 298.03
601 298.03
602 298.03
603 298.03
604 298.03
605 298.03
606 298.03
607 298.03
608 298.03
609 298.03
610 298.03
611 298.03
612 298.03
613 298.03
614 298.03
615 298.03
616 298.03
617 298.03
618 298.03
619 298.03
620 298.03
621 298.03
622 298.03
623 298.03
624 298.03
625 298.03
626 298.03
627 298.03
628 298.03
629 298.03
630 298.03
631 298.03
632 298.03
633 298.03
634 298.03
635 298.03
636 298.03
637 298.03
638 298.03
639 298.03
640 298.03
641 298.03
642 298.03
643 298.03
644 298.03
645 298.03
646 298.03
647 298.03
648 298.03
649 298.03
650 298.03
651 298.03
652 298.03
653 298.03
654 298.03
655 298.03
656 298.03
657 298.03
658 298.03
659 298.03
660 298.03
661 298.03
662 298.03
663 298.03
664 298.03
665 298.03
666 298.03
667 298.03
668 298.03
669 298.03
670 298.03
671 298.03
672 298.03
673 298.03
674 298.03
675 298.03
676 298.03
677 298.03
678 298.03
679 298.03
680 298.03
681 298.03
682 298.03
683 298.03
684 298.03
685 298.03
686 298.03
687 298.03
688 298.03
689 298.03
690 298.03
691 298.03
692 298.03
693 298.03
694 298.03
695 298.03
696 298.03
697 298.03
698 298.03
699 298.03
700 298.03
701 298.03
702 298.03
703 298.03
704 298.03
705 298.03
706 298.03
707 298.03
708 298.03
709 298.03
710 298.03
711 298.03
712 298.03
713 298.03
714 298.03
715 298.03
716 298.03
717 298.03
718 298.03
719 298.03
720 298.03
721 298.03
722 298.03
723 298.03
724 298.03
725 298.03
726 298.03
727 298.03
728 298.03
729 298.03
730 298.03
731 298.03
732 298.03
733 298.03
734 298.03
735 298.03
736 298.03
737 298.03
738 298.03
739 298.03
740 298.03
741 298.03
742 298.03
743 298.03
744 298.03
745 298.03
746 298.03
747 298.03
748 298.03
749 298.03
750 298.03
751 298.03
752 298.03
753 298.03
754 298.03
755 298.03
756 298.03
757 298.03
758 298.03
759 298.03
760 298.03
761 298.03
762 298.03
763 298.03
764 298.03
765 298.03
766 298.03
767 298.03
768 298.03
769 298.03
770 298.03
771 298.03
772 298.03
773 298.03
774 298.03
775 298.03
776 298.03
777 298.03
778 298.03
779 298.03
780 298.03
781 298.03
782 298.03
783 298.03
784 298.03
785 298.03
786 298.03
787 298.03
788 298.03
789 298.03
790 298.03
791 298.03
792 298.03
793 298.03
794 298.03
795 298.03
796 298.03
797 298.03
798 298.03
799 298.03
800 298.03
801 298.03
802 298.03
803 298.03
804 298.03
805 298.03
806 298.03
807 298.03
808 298.03
809 298.03
810 298.03
811 298.03
812 298.03
813 298.03
814 298.03
815 298.03
816 298.03
817 298.03
818 298.03
819 297.364
820 297.364
821 297.364
822 297.364
823 297.364
824 297.364
825 296.88
826 296.88
827 296.88
828 296.88
829 296.88
830 296.88
831 296.88
832 296.88
833 296.88
834 296.88
835 296.88
836 296.88
837 295.554
838 295.554
839 293.321
840 293.321
841 291.989
842 291.989
843 291.766
844 291.766
845 291.766
846 291.658
847 291.658
848 291.658
849 291.658
850 288.853
851 288.853
852 288.853
853 288.853
854 288.635
855 288.635
856 288.635
857 288.635
858 288.635
859 288.635
860 288.635
861 288.635
862 288.635
863 288.635
864 288.635
865 288.635
866 288.635
867 288.635
868 288.635
869 288.635
870 288.635
871 288.635
872 288.635
873 288.635
874 288.635
875 288.635
876 288.635
877 288.635
878 288.635
879 288.635
880 288.635
881 287.443
882 287.443
883 287.443
884 287.443
885 287.443
886 287.443
887 287.443
888 287.443
889 287.298
890 287.298
891 287.298
892 287.253
893 287.253
894 287.253
895 287.253
896 287.253
897 287.253
898 287.253
899 287.253
900 287.253
901 287.253
902 287.253
903 286.97
904 286.97
905 286.97
906 286.97
907 286.97
908 286.97
909 286.97
910 286.97
911 286.97
912 286.97
913 286.97
914 286.97
915 284.94
916 284.94
917 284.94
918 284.94
919 284.94
920 284.94
921 284.94
922 284.94
923 284.94
924 284.94
925 284.94
926 284.94
927 284.94
928 284.94
929 284.94
930 284.94
931 284.94
932 284.94
933 284.94
934 284.94
935 284.94
936 284.94
937 284.94
938 284.94
939 284.94
940 284.94
941 284.94
942 284.94
943 284.94
944 284.94
945 284.94
946 284.94
947 284.94
948 284.94
949 284.94
950 284.94
951 284.94
952 284.94
953 284.94
954 284.94
955 284.94
956 284.94
957 284.94
958 284.94
959 284.94
960 284.94
961 284.94
962 284.94
963 284.94
964 284.94
965 284.94
966 284.94
967 284.94
968 284.94
969 284.94
970 284.94
971 284.94
972 284.94
973 284.94
974 284.94
975 284.94
976 284.94
977 284.94
978 284.94
979 284.94
980 284.94
981 284.94
982 284.94
983 284.94
984 284.94
985 284.94
986 284.94
987 284.94
988 284.94
989 284.94
990 284.94
991 284.94
992 284.94
993 284.94
994 284.94
995 284.94
996 284.94
997 284.94
998 284.94
999 284.94
