0 796.784
1 745.186
2 700.279
3 655.12
4 603.533
5 574.492
6 544.111
7 538.143
8 515.639
9 484.632
10 474.234
11 465.886
12 448.47
13 443.354
14 418.679
15 418.183
16 413.844
17 408.48
18 401.367
19 393.95
20 390.908
21 389.541
22 384.489
23 384.216
24 375.987
25 375.35
26 364.706
27 360.949
28 360.786
29 353.751
30 350.635
31 344.05
32 341.762
33 338.44
34 333.286
35 332.076
36 327.671
37 323.695
38 320.314
39 319.783
40 316.567
41 316.567
42 316.567
43 316.567
44 314.23
45 314.23
46 312.717
47 312.711
48 312.711
49 312.711
50 312.535
51 312.143
52 311.928
53 310.21
54 308.653
55 307.954
56 307.954
57 307.954
58 307.954
59 306.276
60 306.231
61 306.231
62 304.764
63 304.363
64 304.066
65 304.066
66 304.066
67 304.066
68 304.066
69 301.067
70 295.068
71 293.491
72 292.658
73 292.658
74 292.658
75 292.174
76 292.174
77 292.174
78 292.174
79 292.174
80 292.174
81 292.174
82 292.174
83 292.174
84 292.174
85 292.174
86 292.174
87 292.174
88 292.174
89 292.174
90 292.174
91 292.174
92 292.174
93 292.174
94 291.959
95 291.959
96 291.959
97 291.959
98 291.959
99 291.752
100 291.752
101 291.752
102 291.707
103 291.707
104 291.707
105 291.707
106 291.707
107 291.707
108 291.707
109 291.707
110 291.707
111 291.707
112 291.707
113 291.707
114 291.707
115 291.707
116 291.707
117 291.707
118 291.707
119 291.707
120 291.707
121 291.707
122 291.707
123 291.707
124 291.707
125 291.707
126 291.707
127 291.707
128 291.707
129 291.707
130 291.707
131 291.707
132 291.707
133 291.707
134 291.707
135 291.707
136 291.707
137 291.707
138 291.707
139 291.707
140 291.707
141 291.707
142 291.707
143 291.707
144 291.707
145 291.707
146 291.707
147 291.707
148 291.707
149 291.707
150 291.707
151 291.707
152 291.707
153 291.707
154 291.707
155 291.707
156 291.707
157 291.707
158 291.707
159 291.707
160 291.707
161 291.707
162 291.707
163 291.707
164 291.707
165 291.707
166 291.707
167 291.707
168 291.707
169 291.707
170 291.707
171 291.707
172 291.707
173 291.707
174 291.707
175 291.707
176 291.707
177 291.707
178 291.707
179 291.707
180 291.707
181 291.707
182 291.707
183 291.707
184 291.707
185 291.707
186 291.707
187 291.707
188 291.707
189 291.707
190 291.707
191 291.707
192 291.707
193 291.707
194 291.707
195 291.707
196 291.707
197 291.707
198 291.707
199 291.707
200 291.707
201 291.707
202 291.707
203 291.707
204 291.707
205 291.707
206 291.707
207 291.707
208 291.707
209 291.707
210 291.707
211 291.707
212 291.707
213 291.707
214 291.707
215 291.707
216 291.707
217 291.707
218 291.707
219 291.707
220 291.707
221 291.707
222 291.707
223 291.707
224 291.707
225 291.707
226 291.707
227 291.707
228 291.707
229 291.707
230 291.707
231 291.707
232 291.707
233 291.707
234 291.707
235 291.707
236 291.707
237 291.707
238 291.707
239 291.707
240 291.707
241 291.707
242 291.707
243 291.707
244 291.707
245 291.707
246 291.707
247 291.707
248 291.707
249 291.707
250 291.707
251 291.707
252 291.707
253 291.707
254 291.707
255 291.707
256 291.707
257 291.707
258 291.707
259 291.707
260 291.707
261 291.707
262 291.707
263 291.707
264 291.707
265 291.707
266 291.707
267 291.707
268 291.707
269 291.707
270 291.707
271 291.707
272 291.707
273 291.707
274 291.707
275 291.707
276 291.707
277 291.707
278 291.707
279 291.707
280 291.707
281 291.707
282 291.707
283 291.707
284 291.707
285 291.707
286 291.707
287 291.707
288 291.707
289 291.707
290 291.707
291 291.707
292 291.707
293 291.707
294 291.707
295 291.707
296 291.707
297 291.707
298 291.707
299 291.707
300 291.707
301 291.707
302 291.707
303 291.707
304 291.707
305 291.707
306 291.707
307 291.707
308 291.707
309 291.707
310 291.707
311 291.707
312 291.707
313 291.707
314 291.707
315 291.707
316 291.707
317 291.707
318 291.707
319 291.707
320 291.707
321 291.707
322 291.707
323 291.707
324 291.707
325 291.707
326 291.707
327 291.707
328 291.707
329 291.707
330 291.707
331 291.707
332 291.707
333 291.707
334 291.707
335 291.707
336 291.707
337 291.707
338 291.707
339 291.707
340 291.707
341 291.707
342 291.707
343 291.707
344 291.707
345 291.707
346 291.707
347 291.707
348 291.707
349 291.707
350 291.707
351 291.707
352 291.707
353 291.707
354 291.707
355 291.707
356 291.707
357 291.707
358 291.707
359 291.707
360 291.707
361 291.707
362 291.707
363 291.707
364 291.707
365 291.707
366 291.707
367 291.707
368 291.707
369 291.707
370 291.707
371 291.707
372 291.707
373 291.707
374 291.707
375 291.707
376 291.707
377 291.707
378 291.707
379 291.707
380 291.707
381 291.707
382 291.707
383 291.707
384 291.707
385 291.214
386 291.214
387 291.214
388 291.214
389 291.214
390 291.214
391 291.214
392 291.214
393 291.214
394 291.214
395 291.214
396 291.214
397 291.214
398 291.214
399 291.214
400 291.214
401 291.214
402 291.214
403 291.214
404 291.214
405 291.214
406 291.214
407 291.214
408 291.214
409 291.214
410 291.214
411 291.214
412 291.214
413 291.214
414 291.214
415 291.214
416 291.214
417 291.214
418 291.214
419 291.214
420 291.214
421 291.214
422 291.214
423 291.214
424 291.214
425 291.214
426 291.214
427 291.214
428 291.214
429 291.214
430 291.214
431 291.214
432 291.214
433 291.214
434 291.214
435 291.214
436 291.214
437 291.214
438 291.214
439 291.214
440 291.214
441 291.214
442 291.214
443 291.214
444 291.214
445 291.214
446 291.214
447 291.214
448 291.214
449 291.214
450 291.214
451 291.214
452 291.214
453 291.214
454 291.214
455 291.214
456 291.214
457 291.214
458 291.214
459 291.214
460 291.214
461 291.214
462 291.214
463 291.214
464 291.214
465 291.214
466 291.214
467 291.214
468 291.214
469 291.214
470 291.214
471 291.214
472 291.214
473 291.214
474 291.214
475 291.214
476 291.214
477 291.214
478 291.214
479 291.214
480 291.214
481 291.214
482 291.214
483 291.214
484 291.214
485 291.214
486 291.214
487 291.214
488 291.214
489 291.214
490 291.214
491 291.214
492 291.214
493 291.214
494 291.214
495 291.214
496 291.214
497 291.214
498 291.214
499 291.214
500 291.214
501 291.214
502 291.214
503 291.214
504 291.214
505 291.214
506 291.214
507 291.214
508 291.214
509 291.214
510 291.214
511 291.214
512 291.214
513 291.214
514 291.214
515 291.214
516 291.214
517 291.214
518 291.214
519 291.214
520 291.214
521 291.214
522 291.214
523 291.214
524 291.214
525 291.214
526 291.214
527 291.214
528 291.214
529 291.214
530 291.214
531 291.214
532 291.214
533 291.214
534 291.214
535 291.214
536 291.214
537 291.214
538 291.214
539 291.214
540 291.214
541 291.214
542 291.214
543 291.214
544 291.214
545 291.214
546 291.214
547 291.214
548 291.214
549 291.214
550 291.214
551 291.214
552 291.214
553 291.214
554 291.214
555 291.214
556 291.214
557 291.214
558 291.214
559 291.214
560 291.214
561 291.214
562 291.214
563 291.214
564 291.214
565 291.214
566 291.214
567 291.214
568 291.214
569 291.214
570 291.214
571 291.214
572 291.214
573 291.214
574 291.214
575 291.214
576 291.214
577 291.214
578 291.214
579 291.214
580 291.214
581 291.214
582 291.214
583 291.214
584 291.214
585 291.214
586 291.214
587 291.214
588 291.214
589 291.214
590 291.214
591 291.214
592 291.214
593 291.214
594 291.214
595 291.214
596 291.214
597 291.214
598 291.214
599 291.214
600 291.214
601 291.214
602 291.214
603 291.214
604 291.214
605 291.214
606 291.214
607 291.214
608 291.214
609 291.214
610 291.214
611 291.214
612 291.214
613 291.214
614 291.214
615 291.214
616 291.214
617 291.214
618 291.214
619 291.214
620 291.214
621 291.214
622 291.214
623 291.214
624 291.214
625 291.214
626 291.214
627 291.214
628 291.214
629 291.214
630 291.214
631 291.214
632 291.214
633 291.214
634 291.214
635 291.214
636 291.214
637 291.214
638 291.214
639 291.214
640 291.214
641 291.214
642 291.214
643 291.214
644 291.214
645 291.214
646 291.214
647 291.214
648 291.214
649 291.214
650 291.214
651 291.214
652 291.214
653 291.214
654 291.214
655 291.214
656 291.214
657 291.214
658 291.214
659 291.214
660 291.214
661 291.214
662 291.214
663 291.214
664 291.214
665 291.214
666 291.214
667 291.214
668 291.214
669 291.214
670 291.214
671 291.214
672 291.214
673 291.214
674 291.214
675 291.214
676 291.214
677 291.214
678 291.214
679 291.214
680 291.214
681 291.214
682 291.214
683 291.214
684 291.214
685 291.214
686 291.214
687 291.214
688 291.214
689 291.214
690 291.214
691 291.214
692 291.214
693 291.214
694 291.214
695 291.214
696 291.214
697 291.214
698 291.214
699 291.214
700 291.214
701 291.214
702 291.214
703 291.214
704 291.214
705 291.214
706 291.214
707 291.214
708 291.214
709 291.214
710 291.214
711 291.214
712 291.214
713 291.214
714 291.214
715 291.214
716 291.214
717 291.214
718 291.214
719 291.214
720 291.214
721 291.214
722 291.214
723 291.214
724 291.214
725 291.214
726 291.214
727 291.214
728 291.214
729 291.214
730 291.214
731 291.214
732 291.214
733 291.214
734 291.214
735 291.214
736 291.214
737 291.214
738 291.214
739 291.214
740 291.214
741 291.214
742 291.214
743 291.214
744 291.214
745 291.214
746 291.214
747 291.214
748 291.214
749 291.214
750 291.214
751 291.214
752 291.214
753 291.214
754 291.214
755 291.214
756 291.214
757 291.214
758 291.214
759 291.214
760 291.214
761 291.214
762 291.214
763 291.214
764 291.214
765 291.214
766 291.214
767 291.214
768 291.214
769 291.214
770 291.214
771 291.214
772 291.214
773 291.214
774 291.214
775 291.214
776 291.214
777 291.214
778 291.214
779 291.214
780 291.214
781 291.214
782 291.214
783 291.214
784 291.214
785 291.214
786 291.214
787 291.214
788 291.214
789 291.214
790 291.214
791 291.214
792 291.214
793 291.214
794 291.214
795 291.214
796 291.214
797 291.214
798 291.214
799 291.214
800 291.214
801 291.214
802 291.214
803 291.214
804 291.214
805 291.214
806 291.214
807 291.214
808 291.214
809 291.214
810 291.214
811 291.214
812 291.214
813 291.214
814 291.214
815 291.214
816 291.214
817 291.214
818 291.214
819 291.214
820 291.214
821 291.214
822 291.214
823 291.214
824 291.214
825 291.214
826 291.214
827 291.214
828 291.214
829 291.214
830 291.214
831 291.214
832 291.214
833 291.214
834 291.214
835 291.214
836 291.214
837 291.214
838 291.214
839 291.214
840 291.214
841 291.214
842 291.214
843 291.214
844 291.214
845 291.214
846 291.214
847 291.214
848 291.214
849 291.214
850 291.214
851 291.214
852 291.214
853 291.214
854 291.214
855 291.214
856 291.214
857 291.214
858 291.214
859 291.214
860 291.214
861 291.214
862 291.214
863 291.214
864 291.214
865 291.214
866 291.214
867 291.214
868 291.214
869 291.214
870 291.214
871 291.214
872 291.214
873 291.214
874 291.214
875 291.214
876 289.048
877 289.048
878 289.048
879 289.048
880 289.048
881 289.048
882 289.048
883 289.048
884 289.048
885 289.048
886 289.048
887 289.048
888 289.048
889 289.048
890 289.048
891 289.048
892 289.048
893 289.048
894 289.048
895 289.048
896 289.048
897 289.048
898 289.048
899 289.048
900 289.048
901 289.048
902 289.048
903 289.048
904 289.048
905 289.048
906 289.048
907 289.048
908 289.048
909 289.048
910 289.048
911 289.048
912 289.048
913 289.048
914 289.048
915 289.048
916 289.048
917 289.048
918 289.048
919 289.048
920 289.048
921 289.048
922 289.048
923 289.048
924 289.048
925 289.048
926 289.048
927 289.048
928 289.048
929 289.048
930 289.048
931 289.048
932 289.048
933 289.048
934 289.048
935 289.048
936 289.048
937 289.048
938 289.048
939 289.048
940 289.048
941 289.048
942 289.048
943 289.048
944 289.048
945 289.048
946 289.048
947 289.048
948 289.048
949 289.048
950 289.048
951 289.048
952 289.048
953 289.048
954 289.048
955 289.048
956 289.048
957 289.048
958 289.048
959 289.048
960 289.048
961 289.048
962 289.048
963 289.048
964 289.048
965 289.048
966 289.048
967 289.048
968 289.048
969 289.048
970 289.048
971 289.048
972 289.048
973 289.048
974 289.048
975 289.048
976 289.048
977 289.048
978 289.048
979 289.048
980 289.048
981 289.048
982 289.048
983 289.048
984 289.048
985 289.048
986 289.048
987 289.048
988 289.048
989 289.048
990 289.048
991 289.048
992 289.048
993 289.048
994 289.048
995 289.048
996 289.048
997 289.048
998 289.048
999 289.048
