0 779.744
1 750.113
2 709.443
3 689.827
4 661.291
5 630.178
6 620.437
7 602.982
8 592.072
9 583.421
10 569.95
11 559.363
12 540.065
13 520.532
14 513.966
15 510.031
16 494.112
17 486.365
18 474.41
19 449.699
20 441.342
21 438.719
22 433.895
23 433.115
24 431.218
25 430.152
26 427.999
27 425.684
28 416.055
29 411.764
30 400.932
31 400.148
32 397.109
33 394.705
34 390.961
35 389.201
36 387.792
37 386.657
38 385.788
39 385.788
40 385.788
41 379.682
42 378.095
43 376.362
44 376.362
45 376.362
46 374.989
47 374.123
48 374.123
49 374.123
50 372.152
51 371.744
52 371.744
53 371.744
54 371.744
55 371.744
56 371.67
57 371.67
58 371.67
59 371.67
60 371.67
61 369.668
62 369.668
63 369.668
64 369.668
65 369.668
66 369.371
67 369.371
68 369.371
69 369.371
70 369.371
71 369.371
72 369.371
73 368.826
74 368.826
75 368.826
76 368.826
77 368.826
78 368.826
79 368.335
80 368.335
81 368.335
82 367.639
83 367.439
84 367.439
85 367.439
86 367.439
87 367.439
88 367.439
89 367.439
90 366.646
91 366.646
92 366.646
93 366.094
94 366.094
95 365.418
96 365.418
97 363.739
98 362.835
99 356.025
100 338.472
101 338.472
102 336.084
103 336.084
104 336.084
105 333.5
106 325.905
107 325.905
108 325.905
109 325.905
110 325.905
111 325.905
112 325.905
113 323.637
114 319.886
115 319.886
116 319.886
117 319.886
118 319.886
119 319.025
120 319.025
121 317.13
122 317.13
123 316.327
124 316.327
125 313.262
126 312.029
127 312.029
128 312.029
129 312.029
130 312.029
131 312.029
132 312.029
133 312.029
134 312.029
135 312.029
136 312.029
137 312.029
138 312.029
139 312.029
140 312.029
141 312.029
142 312.029
143 312.029
144 312.029
145 312.029
146 312.029
147 312.029
148 312.029
149 312.029
150 312.029
151 312.029
152 312.029
153 312.029
154 312.029
155 312.029
156 312.029
157 312.029
158 312.029
159 312.029
160 312.029
161 312.029
162 312.029
163 309.965
164 309.965
165 309.965
166 309.965
167 309.965
168 309.781
169 309.781
170 309.008
171 309.008
172 309.008
173 309.008
174 309.008
175 309.008
176 309.008
177 308.74
178 308.74
179 308.74
180 305.493
181 301.944
182 301.944
183 301.944
184 301.944
185 301.944
186 300.664
187 300.664
188 300.664
189 300.664
190 300.664
191 300.664
192 300.664
193 300.664
194 300.664
195 300.664
196 300.664
197 300.664
198 300.664
199 300.664
200 300.664
201 300.664
202 300.664
203 300.664
204 300.664
205 300.664
206 300.664
207 300.664
208 300.664
209 300.664
210 300.664
211 300.664
212 300.664
213 300.664
214 300.664
215 300.664
216 300.664
217 300.664
218 300.664
219 300.664
220 300.664
221 300.664
222 300.664
223 300.664
224 300.664
225 300.664
226 300.664
227 300.664
228 300.664
229 300.664
230 300.374
231 300.374
232 300.374
233 300.374
234 300.374
235 300.374
236 300.374
237 300.374
238 300.374
239 300.374
240 300.374
241 300.374
242 300.374
243 300.374
244 300.374
245 300.374
246 300.374
247 300.374
248 300.374
249 300.374
250 300.374
251 300.37
252 300.37
253 300.37
254 300.37
255 300.37
256 300.37
257 300.37
258 300.37
259 300.37
260 300.37
261 297.561
262 297.561
263 297.561
264 297.561
265 297.561
266 297.561
267 297.561
268 297.561
269 297.561
270 297.561
271 297.561
272 297.561
273 297.561
274 297.561
275 297.561
276 297.561
277 297.561
278 297.561
279 297.561
280 297.561
281 297.561
282 297.561
283 297.561
284 297.561
285 297.561
286 297.561
287 297.561
288 297.561
289 297.561
290 297.561
291 297.561
292 297.561
293 297.561
294 297.561
295 297.561
296 297.561
297 297.561
298 297.561
299 297.561
300 297.561
301 297.561
302 297.561
303 297.561
304 297.561
305 297.561
306 297.561
307 297.561
308 297.561
309 297.561
310 297.561
311 297.561
312 297.561
313 297.561
314 297.561
315 297.561
316 297.561
317 297.561
318 297.561
319 297.561
320 297.561
321 297.561
322 297.561
323 297.561
324 297.561
325 297.561
326 297.561
327 297.561
328 297.561
329 297.561
330 297.561
331 297.561
332 297.561
333 297.561
334 297.561
335 297.561
336 297.561
337 297.561
338 297.561
339 297.561
340 297.561
341 297.561
342 297.561
343 297.561
344 297.561
345 297.561
346 297.561
347 297.561
348 297.561
349 297.561
350 297.561
351 297.561
352 297.561
353 297.561
354 297.561
355 297.561
356 297.561
357 297.561
358 297.561
359 297.561
360 297.561
361 297.561
362 297.561
363 297.561
364 297.561
365 297.561
366 297.561
367 297.561
368 297.561
369 297.561
370 297.561
371 297.561
372 297.561
373 297.561
374 297.561
375 290.904
376 290.904
377 290.904
378 290.904
379 290.904
380 290.904
381 290.904
382 290.904
383 290.904
384 290.904
385 290.904
386 286.754
387 285.746
388 285.746
389 285.746
390 285.746
391 285.746
392 285.746
393 285.746
394 285.746
395 285.746
396 285.746
397 285.746
398 285.746
399 285.746
400 285.746
401 285.746
402 285.746
403 285.746
404 285.746
405 285.746
406 285.746
407 285.746
408 285.746
409 285.746
410 285.746
411 285.746
412 285.746
413 285.746
414 285.746
415 285.746
416 285.746
417 285.746
418 285.746
419 285.746
420 285.746
421 285.746
422 285.746
423 285.746
424 285.746
425 285.746
426 285.746
427 285.746
428 285.746
429 285.746
430 285.746
431 285.746
432 285.746
433 285.746
434 285.746
435 285.746
436 285.746
437 285.746
438 285.746
439 285.746
440 285.746
441 285.746
442 285.746
443 285.746
444 285.746
445 285.746
446 285.746
447 285.746
448 285.746
449 285.746
450 285.746
451 285.746
452 285.746
453 285.746
454 285.746
455 285.746
456 285.746
457 285.746
458 285.746
459 285.746
460 285.746
461 285.746
462 285.746
463 285.746
464 285.746
465 285.746
466 285.746
467 285.746
468 285.746
469 285.746
470 285.746
471 285.746
472 285.746
473 285.746
474 285.746
475 285.746
476 285.746
477 285.746
478 285.746
479 285.746
480 285.746
481 285.746
482 285.746
483 285.746
484 285.746
485 285.746
486 285.746
487 285.746
488 285.746
489 285.746
490 285.746
491 285.746
492 285.746
493 285.746
494 285.746
495 285.746
496 285.746
497 285.746
498 285.746
499 285.746
500 285.746
501 285.746
502 285.746
503 285.746
504 285.746
505 285.746
506 285.746
507 285.746
508 285.746
509 285.746
510 285.746
511 285.746
512 285.746
513 285.746
514 285.746
515 285.746
516 285.746
517 285.746
518 285.746
519 285.746
520 285.746
521 285.746
522 285.746
523 285.746
524 285.746
525 285.746
526 285.746
527 285.746
528 285.746
529 285.746
530 285.746
531 285.746
532 285.746
533 285.746
534 285.746
535 285.746
536 285.746
537 285.746
538 285.746
539 285.746
540 285.746
541 285.746
542 285.746
543 285.746
544 285.746
545 285.746
546 285.746
547 285.746
548 285.746
549 285.746
550 285.746
551 285.746
552 285.746
553 285.746
554 285.746
555 285.746
556 285.746
557 285.746
558 285.746
559 285.746
560 285.746
561 285.746
562 285.746
563 285.746
564 285.746
565 285.746
566 285.746
567 285.746
568 285.746
569 285.746
570 285.746
571 285.746
572 285.746
573 285.746
574 285.746
575 285.746
576 285.746
577 285.746
578 285.746
579 285.746
580 285.746
581 285.746
582 285.746
583 285.746
584 285.746
585 285.746
586 285.746
587 285.746
588 285.746
589 285.746
590 285.746
591 285.746
592 285.746
593 285.746
594 285.746
595 285.746
596 285.746
597 285.746
598 285.746
599 285.746
600 285.746
601 285.746
602 285.746
603 285.746
604 285.746
605 285.746
606 285.746
607 285.746
608 285.746
609 285.746
610 285.746
611 285.746
612 285.746
613 285.746
614 285.746
615 285.746
616 285.746
617 285.746
618 285.746
619 285.746
620 285.746
621 285.746
622 285.746
623 285.746
624 285.746
625 285.476
626 285.476
627 285.476
628 285.476
629 285.476
630 285.476
631 285.476
632 285.476
633 285.476
634 285.476
635 285.476
636 285.476
637 285.476
638 285.476
639 285.476
640 285.476
641 285.476
642 285.476
643 285.476
644 285.476
645 285.476
646 285.476
647 285.476
648 285.476
649 285.476
650 285.476
651 285.476
652 285.476
653 285.476
654 285.476
655 285.476
656 285.476
657 285.476
658 285.476
659 285.476
660 285.476
661 285.476
662 285.476
663 285.476
664 285.476
665 285.476
666 285.476
667 285.476
668 285.476
669 285.476
670 285.476
671 285.476
672 285.476
673 285.476
674 285.476
675 285.476
676 285.476
677 285.476
678 285.476
679 285.476
680 285.476
681 285.476
682 285.476
683 285.476
684 285.476
685 285.476
686 285.476
687 285.476
688 285.476
689 285.476
690 285.476
691 285.476
692 285.476
693 285.476
694 285.476
695 285.476
696 285.476
697 285.476
698 285.476
699 285.476
700 285.476
701 285.476
702 285.476
703 285.476
704 285.476
705 285.476
706 285.476
707 285.476
708 285.476
709 285.476
710 285.476
711 285.476
712 285.476
713 285.476
714 285.476
715 285.476
716 285.476
717 285.476
718 285.476
719 285.476
720 285.476
721 285.476
722 285.476
723 285.476
724 285.476
725 285.476
726 285.476
727 285.476
728 285.476
729 285.476
730 285.476
731 285.476
732 285.476
733 285.476
734 285.476
735 285.476
736 285.476
737 285.476
738 285.476
739 285.476
740 285.476
741 285.476
742 285.476
743 285.476
744 285.476
745 285.476
746 285.476
747 285.476
748 285.476
749 285.476
750 285.476
751 285.476
752 285.476
753 285.476
754 285.476
755 285.476
756 285.476
757 285.476
758 285.476
759 285.476
760 285.476
761 285.476
762 285.476
763 285.476
764 285.476
765 285.476
766 285.476
767 285.476
768 285.476
769 285.476
770 285.476
771 285.476
772 285.476
773 285.476
774 285.476
775 285.476
776 285.476
777 285.476
778 285.476
779 285.476
780 285.476
781 285.476
782 285.476
783 285.476
784 285.476
785 285.476
786 285.476
787 285.476
788 285.476
789 285.136
790 285.136
791 285.136
792 285.136
793 285.136
794 285.136
795 285.136
796 285.136
797 283.302
798 283.302
799 283.302
800 283.302
801 283.302
802 283.302
803 283.302
804 283.302
805 283.302
806 283.013
807 283.013
808 283.013
809 283.013
810 283.013
811 283.013
812 283.013
813 283.013
814 283.013
815 283.013
816 283.013
817 282.994
818 282.994
819 281.833
820 281.833
821 281.833
822 281.833
823 281.789
824 281.499
825 281.499
826 281.499
827 281.499
828 281.499
829 281.499
830 281.499
831 281.499
832 281.499
833 281.499
834 279.284
835 279.284
836 279.284
837 279.284
838 279.284
839 279.284
840 279.284
841 279.284
842 279.284
843 279.284
844 279.284
845 279.284
846 279.284
847 279.284
848 279.284
849 279.284
850 279.284
851 279.284
852 279.284
853 279.284
854 279.284
855 279.284
856 279.284
857 279.284
858 279.284
859 279.284
860 279.284
861 279.284
862 279.284
863 279.284
864 279.284
865 279.284
866 279.284
867 279.284
868 279.284
869 279.284
870 279.284
871 279.284
872 279.284
873 279.284
874 279.284
875 279.284
876 279.284
877 279.284
878 279.284
879 279.284
880 279.284
881 279.284
882 279.284
883 279.284
884 279.284
885 279.284
886 279.284
887 279.284
888 279.284
889 279.284
890 279.284
891 279.284
892 279.284
893 279.284
894 279.284
895 279.284
896 279.284
897 279.284
898 279.284
899 279.284
900 279.284
901 279.284
902 279.284
903 279.284
904 279.284
905 279.284
906 279.284
907 279.284
908 279.284
909 279.284
910 279.284
911 279.284
912 279.284
913 279.284
914 279.284
915 279.284
916 279.284
917 279.284
918 279.284
919 279.284
920 279.284
921 279.284
922 279.284
923 279.284
924 279.284
925 279.284
926 279.284
927 279.284
928 279.284
929 279.284
930 279.284
931 279.284
932 279.284
933 279.284
934 279.284
935 279.284
936 279.284
937 279.284
938 279.284
939 279.284
940 279.284
941 279.284
942 279.284
943 279.284
944 279.284
945 279.284
946 279.284
947 279.284
948 279.284
949 279.284
950 279.284
951 279.284
952 279.284
953 279.284
954 279.284
955 279.284
956 279.284
957 279.284
958 279.284
959 279.284
960 279.284
961 279.284
962 279.284
963 279.284
964 279.284
965 279.284
966 279.284
967 279.284
968 279.284
969 279.284
970 279.284
971 279.284
972 279.284
973 279.284
974 279.284
975 279.284
976 279.284
977 279.284
978 279.284
979 279.284
980 279.284
981 279.284
982 279.284
983 279.284
984 279.284
985 279.284
986 279.284
987 279.284
988 279.284
989 279.284
990 279.284
991 279.284
992 279.284
993 279.284
994 279.284
995 279.284
996 279.284
997 279.284
998 279.284
999 279.284
