0 796.295
1 766.081
2 735.125
3 699.636
4 678.944
5 635.493
6 625.301
7 603.182
8 594.792
9 588.255
10 578.466
11 567.982
12 557.889
13 547.189
14 545.584
15 530.946
16 513.781
17 498.147
18 480.725
19 469.282
20 460.502
21 444.41
22 438.952
23 434.615
24 430.644
25 426.645
26 423.083
27 421.48
28 420.814
29 410.133
30 404.75
31 401.706
32 397.156
33 392.477
34 385.286
35 382.101
36 376.109
37 375.538
38 374.465
39 371.471
40 370.187
41 365.587
42 363.468
43 352.036
44 352.036
45 352.036
46 352.036
47 351.542
48 351.542
49 351.318
50 350.633
51 348.994
52 348.994
53 348.994
54 348.994
55 348.994
56 348.579
57 348.579
58 347.563
59 347.563
60 347.211
61 347.211
62 347.211
63 347.211
64 347.072
65 347.072
66 347.072
67 347.072
68 347.072
69 347.072
70 345.45
71 345.45
72 345.45
73 344.733
74 344.606
75 344.606
76 344.606
77 344.269
78 344.269
79 344.269
80 344.269
81 344.269
82 344.269
83 344.269
84 344.269
85 344.269
86 344.269
87 344.269
88 344.269
89 344.269
90 344.269
91 344.269
92 344.269
93 344.269
94 344.269
95 344.269
96 344.269
97 343.492
98 343.492
99 343.492
100 343.492
101 343.492
102 343.492
103 343.492
104 343.492
105 343.492
106 343.492
107 343.492
108 343.492
109 343.492
110 343.492
111 343.492
112 343.492
113 343.492
114 343.492
115 343.492
116 343.492
117 343.492
118 343.492
119 343.492
120 343.492
121 343.492
122 343.492
123 343.492
124 336.676
125 334.554
126 332.689
127 332.644
128 332.644
129 332.644
130 332.644
131 332.644
132 332.644
133 332.644
134 332.644
135 332.644
136 332.644
137 332.644
138 332.644
139 332.644
140 332.644
141 332.644
142 332.644
143 332.644
144 332.644
145 332.644
146 332.644
147 332.644
148 332.644
149 332.644
150 332.644
151 332.644
152 332.559
153 332.559
154 332.559
155 332.559
156 332.138
157 332.138
158 332.138
159 329.878
160 329.878
161 328.45
162 328.45
163 328.45
164 327.754
165 327.754
166 327.754
167 327.754
168 327.754
169 327.754
170 327.754
171 327.754
172 327.754
173 327.754
174 327.754
175 327.754
176 327.754
177 327.754
178 327.754
179 327.754
180 327.754
181 327.754
182 327.754
183 327.754
184 327.754
185 327.754
186 327.754
187 327.754
188 327.754
189 327.754
190 327.588
191 327.588
192 327.588
193 326.907
194 326.907
195 326.907
196 326.907
197 326.907
198 326.907
199 326.907
200 326.907
201 326.907
202 326.907
203 326.907
204 326.907
205 326.907
206 326.907
207 326.907
208 326.907
209 326.907
210 326.907
211 326.907
212 326.907
213 326.907
214 326.907
215 326.907
216 326.907
217 326.907
218 326.907
219 326.907
220 326.907
221 326.907
222 326.907
223 326.907
224 326.907
225 326.907
226 326.907
227 326.907
228 326.907
229 326.907
230 326.907
231 326.907
232 326.907
233 326.907
234 326.907
235 326.907
236 326.907
237 326.907
238 326.907
239 326.907
240 326.907
241 326.907
242 326.907
243 326.907
244 326.907
245 326.907
246 326.907
247 326.907
248 326.907
249 326.907
250 326.907
251 326.907
252 326.907
253 326.907
254 326.907
255 326.907
256 326.907
257 326.907
258 326.907
259 326.907
260 326.907
261 326.907
262 326.907
263 326.907
264 326.907
265 326.907
266 326.907
267 326.907
268 326.907
269 326.907
270 326.907
271 326.907
272 326.907
273 326.907
274 326.907
275 326.907
276 326.907
277 326.907
278 326.907
279 326.907
280 326.907
281 326.907
282 326.907
283 326.907
284 326.907
285 326.907
286 326.907
287 326.907
288 326.907
289 326.907
290 326.907
291 326.907
292 326.907
293 326.907
294 326.907
295 326.907
296 326.907
297 326.907
298 326.907
299 326.907
300 326.907
301 326.907
302 326.907
303 326.907
304 326.907
305 326.907
306 326.907
307 326.907
308 326.907
309 326.907
310 326.907
311 326.907
312 326.907
313 326.907
314 326.907
315 326.907
316 326.907
317 326.907
318 326.907
319 326.907
320 326.907
321 326.907
322 326.907
323 326.907
324 326.907
325 326.907
326 326.907
327 326.907
328 326.907
329 326.907
330 326.907
331 326.907
332 326.907
333 326.907
334 326.907
335 326.907
336 326.907
337 326.907
338 326.907
339 326.907
340 326.907
341 326.907
342 326.907
343 326.907
344 326.907
345 326.907
346 326.907
347 326.907
348 326.907
349 326.907
350 326.907
351 326.718
352 325.025
353 325.025
354 325.025
355 325.025
356 325.025
357 325.025
358 325.025
359 325.025
360 325.025
361 325.025
362 325.025
363 325.025
364 325.025
365 325.025
366 325.025
367 325.025
368 325.025
369 325.025
370 325.025
371 325.025
372 325.025
373 325.025
374 325.025
375 325.025
376 325.025
377 325.025
378 325.025
379 325.025
380 325.025
381 325.025
382 325.025
383 325.025
384 325.025
385 325.025
386 325.025
387 325.025
388 325.025
389 325.025
390 325.025
391 325.025
392 325.025
393 325.025
394 325.025
395 325.025
396 325.025
397 325.025
398 325.025
399 325.025
400 325.025
401 325.025
402 325.025
403 325.025
404 325.025
405 325.025
406 325.025
407 325.025
408 325.025
409 325.025
410 325.025
411 325.025
412 325.025
413 325.025
414 325.025
415 325.025
416 325.025
417 325.025
418 325.025
419 325.025
420 325.025
421 325.025
422 325.025
423 325.025
424 325.025
425 325.025
426 325.025
427 325.025
428 325.025
429 325.025
430 325.025
431 325.025
432 325.025
433 325.025
434 325.025
435 325.025
436 325.025
437 325.025
438 325.025
439 325.025
440 325.025
441 325.025
442 325.025
443 325.025
444 325.025
445 325.025
446 325.025
447 325.025
448 325.025
449 325.025
450 325.025
451 325.025
452 325.025
453 325.025
454 325.025
455 325.025
456 325.025
457 325.025
458 325.025
459 325.025
460 325.025
461 325.025
462 325.025
463 325.025
464 325.025
465 325.025
466 325.025
467 325.025
468 325.025
469 325.025
470 325.025
471 325.025
472 325.025
473 325.025
474 325.025
475 325.025
476 325.025
477 325.025
478 325.025
479 325.025
480 325.025
481 325.025
482 325.025
483 325.025
484 325.025
485 325.025
486 325.025
487 325.025
488 325.025
489 325.025
490 325.025
491 325.025
492 325.025
493 325.025
494 325.025
495 325.025
496 325.025
497 325.025
498 325.025
499 325.025
500 325.025
501 325.025
502 325.025
503 325.025
504 325.025
505 325.025
506 325.025
507 325.025
508 325.025
509 325.025
510 325.025
511 325.025
512 325.025
513 325.025
514 325.025
515 325.025
516 325.025
517 325.025
518 325.025
519 325.025
520 325.025
521 325.025
522 325.025
523 325.025
524 325.025
525 325.025
526 325.025
527 325.025
528 325.025
529 325.025
530 325.025
531 325.025
532 325.025
533 325.025
534 325.025
535 325.025
536 325.025
537 325.025
538 325.025
539 325.025
540 325.025
541 325.025
542 325.025
543 325.025
544 325.025
545 325.025
546 325.025
547 325.025
548 325.025
549 325.025
550 325.025
551 325.025
552 325.025
553 325.025
554 325.025
555 325.025
556 325.025
557 325.025
558 325.025
559 325.025
560 325.025
561 325.025
562 325.025
563 325.025
564 325.025
565 325.025
566 325.025
567 325.025
568 325.025
569 325.025
570 325.025
571 325.025
572 325.025
573 325.025
574 325.025
575 325.025
576 325.025
577 325.025
578 325.025
579 325.025
580 325.025
581 325.025
582 325.025
583 325.025
584 325.025
585 325.025
586 325.025
587 325.025
588 325.025
589 325.025
590 325.025
591 325.025
592 325.025
593 325.025
594 325.025
595 325.025
596 325.025
597 325.025
598 325.025
599 325.025
600 325.025
601 325.025
602 325.025
603 325.025
604 325.025
605 325.025
606 325.025
607 325.025
608 325.025
609 325.025
610 325.025
611 319.184
612 319.184
613 319.184
614 319.184
615 319.184
616 319.184
617 319.184
618 319.184
619 319.184
620 319.184
621 319.184
622 319.184
623 319.184
624 319.184
625 319.184
626 319.184
627 319.184
628 319.184
629 319.184
630 319.184
631 319.184
632 319.184
633 319.184
634 319.184
635 319.184
636 319.184
637 319.184
638 319.184
639 319.184
640 319.184
641 319.184
642 319.184
643 319.184
644 319.184
645 319.184
646 319.184
647 319.184
648 319.184
649 319.184
650 319.184
651 319.184
652 319.184
653 319.184
654 319.184
655 319.184
656 319.184
657 319.184
658 319.184
659 319.184
660 319.184
661 319.184
662 319.184
663 319.184
664 319.184
665 319.184
666 319.184
667 319.184
668 319.184
669 319.184
670 319.184
671 319.184
672 319.184
673 319.184
674 319.184
675 319.184
676 319.184
677 319.184
678 319.184
679 319.184
680 319.184
681 319.184
682 319.184
683 319.184
684 319.184
685 319.184
686 319.184
687 319.184
688 319.184
689 319.184
690 319.184
691 319.184
692 319.184
693 319.184
694 319.184
695 319.184
696 319.184
697 319.184
698 319.184
699 319.184
700 319.184
701 319.184
702 319.184
703 319.184
704 319.184
705 319.184
706 319.184
707 319.184
708 319.184
709 319.184
710 319.184
711 319.184
712 319.184
713 319.184
714 319.184
715 319.184
716 319.184
717 319.184
718 319.184
719 319.184
720 319.184
721 319.184
722 319.184
723 319.184
724 319.184
725 319.184
726 319.184
727 319.184
728 319.184
729 319.184
730 319.184
731 319.184
732 319.184
733 319.184
734 319.184
735 319.184
736 319.184
737 319.184
738 319.184
739 319.184
740 319.184
741 319.184
742 319.184
743 319.184
744 319.184
745 319.184
746 319.184
747 319.184
748 319.184
749 319.184
750 319.184
751 319.184
752 319.184
753 319.184
754 319.184
755 319.184
756 319.184
757 319.184
758 319.184
759 319.184
760 319.184
761 319.184
762 319.184
763 319.184
764 319.184
765 319.184
766 319.184
767 319.184
768 319.184
769 319.184
770 319.184
771 319.184
772 319.184
773 319.184
774 319.184
775 319.184
776 319.184
777 319.184
778 319.184
779 319.184
780 319.184
781 319.184
782 319.184
783 319.184
784 319.184
785 319.184
786 319.184
787 319.184
788 319.184
789 319.184
790 319.184
791 319.184
792 319.184
793 319.184
794 319.184
795 319.184
796 319.184
797 319.184
798 319.184
799 319.184
800 319.184
801 319.184
802 319.184
803 319.184
804 319.184
805 319.184
806 319.184
807 319.184
808 319.184
809 319.184
810 319.184
811 319.184
812 319.184
813 319.184
814 319.184
815 319.184
816 319.184
817 319.184
818 319.184
819 319.184
820 319.184
821 319.184
822 319.184
823 319.184
824 319.184
825 319.184
826 319.184
827 319.184
828 319.184
829 319.184
830 319.184
831 319.184
832 319.184
833 319.184
834 319.184
835 319.184
836 319.184
837 319.184
838 319.184
839 319.184
840 319.184
841 319.184
842 319.184
843 319.184
844 319.184
845 319.184
846 319.184
847 319.184
848 319.184
849 319.184
850 319.184
851 319.184
852 319.184
853 319.184
854 319.184
855 319.184
856 319.184
857 319.184
858 319.184
859 319.184
860 319.184
861 319.184
862 319.184
863 319.184
864 319.184
865 319.184
866 319.184
867 319.184
868 319.184
869 319.184
870 319.184
871 319.184
872 319.184
873 319.184
874 319.184
875 319.184
876 319.184
877 319.184
878 319.184
879 319.184
880 319.184
881 319.184
882 319.184
883 319.184
884 319.184
885 319.184
886 319.184
887 319.184
888 319.184
889 319.184
890 319.184
891 319.184
892 319.184
893 319.184
894 319.184
895 319.184
896 319.184
897 319.184
898 319.184
899 319.184
900 319.184
901 319.184
902 319.184
903 319.184
904 319.184
905 319.184
906 319.184
907 319.184
908 319.184
909 319.184
910 319.184
911 319.184
912 319.184
913 319.184
914 319.184
915 319.184
916 319.184
917 319.184
918 319.184
919 319.184
920 319.184
921 319.184
922 319.184
923 319.184
924 319.184
925 319.184
926 319.184
927 319.184
928 319.184
929 319.184
930 319.184
931 319.184
932 319.184
933 319.184
934 319.184
935 319.184
936 319.184
937 319.184
938 319.184
939 319.184
940 319.184
941 319.184
942 319.184
943 319.184
944 319.184
945 319.184
946 319.184
947 319.184
948 319.184
949 319.184
950 319.184
951 319.184
952 319.184
953 319.184
954 319.184
955 319.184
956 319.184
957 319.184
958 319.184
959 319.184
960 319.184
961 319.184
962 319.184
963 319.184
964 319.184
965 319.184
966 319.184
967 319.184
968 319.184
969 319.184
970 319.184
971 319.184
972 319.184
973 319.184
974 319.184
975 319.184
976 319.184
977 319.184
978 319.184
979 319.184
980 319.184
981 319.184
982 319.184
983 319.184
984 319.184
985 319.184
986 319.184
987 319.184
988 319.184
989 319.184
990 319.184
991 319.184
992 319.184
993 319.184
994 319.184
995 319.184
996 319.184
997 319.184
998 319.184
999 319.184
