0 832.252
1 831.743
2 797.637
3 792.441
4 790.108
5 782.789
6 771.409
7 771.409
8 757.405
9 752.991
10 752.991
11 736.956
12 736.956
13 694.896
14 694.896
15 677.222
16 677.222
17 648.138
18 648.138
19 648.138
20 647.708
21 641.8
22 598.776
23 598.776
24 592.74
25 590.164
26 590.164
27 583.329
28 583.329
29 582.316
30 582.316
31 582.316
32 565.305
33 565.305
34 565.305
35 561.454
36 559.53
37 559.53
38 554.2
39 554.2
40 554.2
41 554.2
42 554.2
43 554.2
44 554.2
45 554.2
46 554.2
47 548.162
48 548.162
49 548.162
50 528.203
51 526.856
52 526.358
53 526.358
54 522.001
55 522.001
56 522.001
57 508.411
58 508.411
59 504.628
60 504.628
61 504.628
62 504.628
63 495.975
64 492.278
65 492.278
66 489.657
67 489.657
68 489.657
69 489.657
70 489.657
71 489.657
72 489.657
73 489.657
74 487.167
75 487.167
76 487.167
77 487.167
78 486.829
79 486.829
80 477.852
81 477.852
82 476.481
83 476.481
84 476.481
85 476.481
86 476.481
87 476.481
88 465.703
89 465.703
90 465.703
91 465.703
92 465.703
93 465.703
94 465.703
95 465.703
96 465.703
97 465.703
98 458.941
99 456.877
100 456.877
101 456.877
102 456.877
103 455.454
104 455.454
105 455.454
106 455.454
107 454.015
108 454.015
109 454.015
110 454.015
111 454.015
112 454.015
113 454.015
114 454.015
115 454.015
116 454.015
117 453.612
118 453.612
119 453.612
120 449.092
121 449.092
122 449.092
123 449.092
124 449.092
125 449.092
126 449.092
127 449.092
128 445.452
129 445.452
130 444.717
131 444.717
132 444.717
133 444.717
134 444.717
135 444.717
136 444.717
137 444.717
138 444.717
139 442.01
140 442.01
141 442.01
142 442.01
143 442.01
144 442.01
145 442.01
146 440.807
147 440.807
148 440.807
149 440.807
150 440.807
151 437.758
152 437.758
153 437.758
154 435.175
155 435.175
156 435.175
157 435.175
158 435.128
159 435.128
160 431.534
161 431.534
162 429.756
163 429.744
164 429.744
165 428.047
166 428.047
167 428.047
168 428.047
169 427.406
170 427.406
171 427.204
172 427.204
173 427.204
174 427.204
175 427.204
176 427.204
177 427.204
178 427.204
179 427.204
180 427.204
181 424.316
182 424.316
183 424.316
184 424.316
185 424.316
186 424.316
187 424.316
188 424.316
189 424.316
190 424.316
191 424.316
192 424.316
193 424.316
194 424.316
195 424.316
196 423.446
197 423.446
198 423.446
199 423.446
200 423.446
201 423.446
202 423.446
203 423.446
204 423.446
205 423.446
206 422.471
207 422.471
208 422.471
209 422.471
210 422.471
211 422.471
212 422.471
213 420.642
214 420.642
215 420.276
216 420.276
217 420.276
218 420.276
219 420.276
220 420.276
221 420.276
222 420.276
223 420.276
224 420.276
225 420.276
226 420.276
227 420.276
228 420.276
229 420.276
230 418.591
231 418.591
232 418.591
233 418.591
234 418.591
235 418.591
236 418.591
237 418.591
238 418.591
239 418.591
240 418.591
241 418.591
242 418.591
243 418.591
244 418.591
245 418.591
246 418.591
247 418.591
248 418.591
249 418.591
250 418.591
251 418.591
252 418.591
253 418.591
254 418.591
255 418.591
256 418.591
257 418.591
258 418.591
259 418.591
260 418.591
261 418.591
262 418.591
263 418.591
264 418.591
265 418.591
266 418.591
267 418.591
268 418.591
269 418.591
270 418.591
271 418.591
272 418.591
273 418.591
274 418.591
275 418.591
276 418.591
277 418.591
278 418.591
279 418.591
280 418.591
281 418.591
282 418.591
283 418.591
284 418.591
285 418.591
286 418.009
287 418.009
288 418.009
289 418.009
290 418.009
291 418.009
292 418.009
293 418.009
294 418.009
295 418.009
296 418.009
297 418.009
298 418.009
299 417.958
