0 759.315
1 725.531
2 697.408
3 677.706
4 639.521
5 626.458
6 597.471
7 586.727
8 580.911
9 568.289
10 561.552
11 545.426
12 500.19
13 476.341
14 460.139
15 447.732
16 444.582
17 433.482
18 428.816
19 422.122
20 418.408
21 416.887
22 413.126
23 410.595
24 409.965
25 399.809
26 399.208
27 392.137
28 382.628
29 380.993
30 375.073
31 372.286
32 372.203
33 369.822
34 366.973
35 366.443
36 366.408
37 366.408
38 362.414
39 360.721
40 356.743
41 356.598
42 356.598
43 352.079
44 350.834
45 350.834
46 349.486
47 345.291
48 345.188
49 344.498
50 344.498
51 344.498
52 344.498
53 344.432
54 344.432
55 341.078
56 339.591
57 339.591
58 339.591
59 339.275
60 339.275
61 339.275
62 339.275
63 339.275
64 339.275
65 339.275
66 339.275
67 339.275
68 339.275
69 339.275
70 339.275
71 339.275
72 339.275
73 339.275
74 339.275
75 339.275
76 339.275
77 339.275
78 339.275
79 339.275
80 339.275
81 339.275
82 338.867
83 338.867
84 338.867
85 336.915
86 336.915
87 336.915
88 336.915
89 336.915
90 336.915
91 336.915
92 336.915
93 336.915
94 329.964
95 329.899
96 328.179
97 328.179
98 328.179
99 328.179
100 328.179
101 328.179
102 328.179
103 328.179
104 326.483
105 326.483
106 326.483
107 326.483
108 326.483
109 326.483
110 326.483
111 325.238
112 322.107
113 322.107
114 322.107
115 322.107
116 322.107
117 322.107
118 322.107
119 322.107
120 322.107
121 322.107
122 322.107
123 322.107
124 322.107
125 322.107
126 322.107
127 322.107
128 322.107
129 322.107
130 322.107
131 322.107
132 322.107
133 322.107
134 322.107
135 322.107
136 322.107
137 322.107
138 322.107
139 322.107
140 322.107
141 321.854
142 321.854
143 321.854
144 321.854
145 321.854
146 321.854
147 321.854
148 321.854
149 321.854
150 320.911
151 320.911
152 320.911
153 320.911
154 320.911
155 320.911
156 320.911
157 320.911
158 320.911
159 320.911
160 320.911
161 320.911
162 320.911
163 320.911
164 320.911
165 320.911
166 320.911
167 320.911
168 320.911
169 320.911
170 320.911
171 320.911
172 320.911
173 320.911
174 320.911
175 320.911
176 320.911
177 320.911
178 320.911
179 320.911
180 320.911
181 320.911
182 320.911
183 320.911
184 320.911
185 320.911
186 320.911
187 320.911
188 320.911
189 320.911
190 320.911
191 320.911
192 320.911
193 320.911
194 320.911
195 320.911
196 320.911
197 320.911
198 320.911
199 320.911
200 320.911
201 320.911
202 320.911
203 320.911
204 320.911
205 320.911
206 320.911
207 320.911
208 320.911
209 320.911
210 320.911
211 316.773
212 316.773
213 316.773
214 316.773
215 316.773
216 316.773
217 316.773
218 316.773
219 316.773
220 316.773
221 316.773
222 316.773
223 316.561
224 316.561
225 316.369
226 316.369
227 316.369
228 316.369
229 316.369
230 316.369
231 316.369
232 316.369
233 316.369
234 316.369
235 316.369
236 316.369
237 316.369
238 316.369
239 316.369
240 316.369
241 316.369
242 311.458
243 311.458
244 311.458
245 311.458
246 311.458
247 311.458
248 311.458
249 311.458
250 311.458
251 311.458
252 311.458
253 311.458
254 311.458
255 311.458
256 311.458
257 311.458
258 311.458
259 311.458
260 311.458
261 311.458
262 311.458
263 311.458
264 311.458
265 311.458
266 311.458
267 310.74
268 310.74
269 310.74
270 310.74
271 310.74
272 310.74
273 310.74
274 310.74
275 310.74
276 310.74
277 310.74
278 310.74
279 310.74
280 310.74
281 310.74
282 310.74
283 310.74
284 310.74
285 310.74
286 310.74
287 310.74
288 310.74
289 310.74
290 310.74
291 310.74
292 310.74
293 310.74
294 310.74
295 310.74
296 310.74
297 310.74
298 310.74
299 310.74
300 310.74
301 310.74
302 310.74
303 310.74
304 310.74
305 310.74
306 310.74
307 310.74
308 310.74
309 310.74
310 310.74
311 310.74
312 310.74
313 310.74
314 310.74
315 310.74
316 310.74
317 310.74
318 310.74
319 310.74
320 310.74
321 310.74
322 310.74
323 310.74
324 310.74
325 310.74
326 310.74
327 310.74
328 310.74
329 310.74
330 310.74
331 310.74
332 310.74
333 310.74
334 310.74
335 310.74
336 310.74
337 310.74
338 310.74
339 310.74
340 310.74
341 310.74
342 310.74
343 310.74
344 310.74
345 310.74
346 310.74
347 310.74
348 310.74
349 310.74
350 310.74
351 310.74
352 310.74
353 310.74
354 310.74
355 310.74
356 310.74
357 310.74
358 310.74
359 310.74
360 310.74
361 310.74
362 310.74
363 310.74
364 310.74
365 310.74
366 310.74
367 310.74
368 310.74
369 310.74
370 310.74
371 310.74
372 310.74
373 310.74
374 310.74
375 310.74
376 310.74
377 310.74
378 310.74
379 310.74
380 310.74
381 310.74
382 310.74
383 310.74
384 310.74
385 310.74
386 310.556
387 310.556
388 310.556
389 310.556
390 310.556
391 310.556
392 310.556
393 310.556
394 310.556
395 310.556
396 310.556
397 310.556
398 310.556
399 310.556
400 310.556
401 310.556
402 310.556
403 310.556
404 310.556
405 310.556
406 310.556
407 310.556
408 310.556
409 310.556
410 310.556
411 310.556
412 310.556
413 310.556
414 310.556
415 310.556
416 310.556
417 310.556
418 310.556
419 310.556
420 310.556
421 310.556
422 310.556
423 310.556
424 310.556
425 310.556
426 310.556
427 310.556
428 310.556
429 310.556
430 310.556
431 310.556
432 310.556
433 310.556
434 310.556
435 310.556
436 310.556
437 310.556
438 310.556
439 310.556
440 310.556
441 310.556
442 310.556
443 310.556
444 310.556
445 310.556
446 310.556
447 310.556
448 310.556
449 310.556
450 310.556
451 310.556
452 310.556
453 310.556
454 310.556
455 310.556
456 310.556
457 310.556
458 310.556
459 310.556
460 310.556
461 310.556
462 310.556
463 310.556
464 310.556
465 310.556
466 310.556
467 310.556
468 310.556
469 310.556
470 310.556
471 310.556
472 310.556
473 310.556
474 310.556
475 310.556
476 310.556
477 310.556
478 310.556
479 310.556
480 310.556
481 310.556
482 310.556
483 310.556
484 310.556
485 310.556
486 310.556
487 310.556
488 310.556
489 310.556
490 310.556
491 310.556
492 310.556
493 310.556
494 310.556
495 310.556
496 310.556
497 310.556
498 310.556
499 310.556
500 310.556
501 310.556
502 310.556
503 310.556
504 310.556
505 310.556
506 310.556
507 310.556
508 310.556
509 310.556
510 310.556
511 310.556
512 310.556
513 310.556
514 310.556
515 310.556
516 310.556
517 310.556
518 310.556
519 310.556
520 310.556
521 310.556
522 310.556
523 310.556
524 310.556
525 310.556
526 310.556
527 310.556
528 310.556
529 310.556
530 310.556
531 310.556
532 310.556
533 310.556
534 310.556
535 310.556
536 310.556
537 310.556
538 310.556
539 310.556
540 310.556
541 310.556
542 310.556
543 310.556
544 310.556
545 310.556
546 310.556
547 310.556
548 310.556
549 310.556
550 310.556
551 310.556
552 310.556
553 310.556
554 310.556
555 310.556
556 310.556
557 310.556
558 310.556
559 310.556
560 310.556
561 310.556
562 310.556
563 310.556
564 310.556
565 310.556
566 310.556
567 310.556
568 310.556
569 310.556
570 310.556
571 310.556
572 310.556
573 310.556
574 310.556
575 310.556
576 310.556
577 310.556
578 310.556
579 310.556
580 310.556
581 310.556
582 310.556
583 310.556
584 310.556
585 310.345
586 309.807
587 309.807
588 309.807
589 309.807
590 309.807
591 309.807
592 309.807
593 309.807
594 309.807
595 309.807
596 309.807
597 309.807
598 309.807
599 309.807
600 309.807
601 306.625
602 306.625
603 306.625
604 306.625
605 306.625
606 306.625
607 306.625
608 306.625
609 306.625
610 306.625
611 306.625
612 306.625
613 306.625
614 306.625
615 306.625
616 305.109
617 305.109
618 305.109
619 305.109
620 305.109
621 305.109
622 305.109
623 305.109
624 305.109
625 305.109
626 305.109
627 305.109
628 305.109
629 305.109
630 305.109
631 305.109
632 305.109
633 302.676
634 302.676
635 302.676
636 302.676
637 302.676
638 302.676
639 302.676
640 302.676
641 302.676
642 301.309
643 301.143
644 301.143
645 301.143
646 301.143
647 301.143
648 301.143
649 301.143
650 301.143
651 301.143
652 301.143
653 301.143
654 301.143
655 301.143
656 301.143
657 301.143
658 301.143
659 301.143
660 301.143
661 301.143
662 301.143
663 301.143
664 301.143
665 301.143
666 301.143
667 301.143
668 301.143
669 301.143
670 301.143
671 301.143
672 301.143
673 301.143
674 301.143
675 301.143
676 301.143
677 301.143
678 301.143
679 301.143
680 301.143
681 301.143
682 301.143
683 301.143
684 301.143
685 301.143
686 301.143
687 301.143
688 301.143
689 301.143
690 301.143
691 301.143
692 301.143
693 301.143
694 301.143
695 301.143
696 301.143
697 301.143
698 301.143
699 301.143
700 301.143
701 301.143
702 301.143
703 301.143
704 301.143
705 301.143
706 301.143
707 301.143
708 301.143
709 301.143
710 301.143
711 301.143
712 301.143
713 301.143
714 301.143
715 301.143
716 301.143
717 301.143
718 301.143
719 301.143
720 301.143
721 301.143
722 301.143
723 301.143
724 301.143
725 301.143
726 301.143
727 301.143
728 301.143
729 301.143
730 301.143
731 301.143
732 301.143
733 301.143
734 301.143
735 301.143
736 301.143
737 301.143
738 301.143
739 301.143
740 301.143
741 301.143
742 301.143
743 301.143
744 301.143
745 301.143
746 301.143
747 301.143
748 301.143
749 301.143
750 301.143
751 301.143
752 301.143
753 301.143
754 301.143
755 301.143
756 301.143
757 301.143
758 301.143
759 301.143
760 301.143
761 301.143
762 301.143
763 301.143
764 301.143
765 301.143
766 301.143
767 301.143
768 301.143
769 301.143
770 301.143
771 301.143
772 301.143
773 301.143
774 301.143
775 301.143
776 301.143
777 301.143
778 301.143
779 301.143
780 301.143
781 301.143
782 301.143
783 301.143
784 301.143
785 301.143
786 301.143
787 301.143
788 301.143
789 301.143
790 301.143
791 301.143
792 301.143
793 301.143
794 301.143
795 301.143
796 301.143
797 301.143
798 301.143
799 301.143
800 301.143
801 301.143
802 301.143
803 301.143
804 301.143
805 301.143
806 301.143
807 301.143
808 301.143
809 301.143
810 301.143
811 301.143
812 301.143
813 301.143
814 301.143
815 301.143
816 301.143
817 301.143
818 301.143
819 301.143
820 301.143
821 301.143
822 301.143
823 301.143
824 301.143
825 301.143
826 301.143
827 301.143
828 301.143
829 301.143
830 301.143
831 301.143
832 301.143
833 301.143
834 301.143
835 301.143
836 301.143
837 301.143
838 301.143
839 301.143
840 301.143
841 301.143
842 301.143
843 301.143
844 301.143
845 301.143
846 301.143
847 301.143
848 301.143
849 301.143
850 301.143
851 301.143
852 301.143
853 301.143
854 301.143
855 301.143
856 301.143
857 301.143
858 301.143
859 301.143
860 301.143
861 301.143
862 301.143
863 301.143
864 301.143
865 301.143
866 301.143
867 301.143
868 301.143
869 301.143
870 301.143
871 301.143
872 301.143
873 301.143
874 301.143
875 301.143
876 301.143
877 301.143
878 301.143
879 301.143
880 301.143
881 301.143
882 301.143
883 301.143
884 301.143
885 301.143
886 301.143
887 301.143
888 301.143
889 301.143
890 301.143
891 301.143
892 301.143
893 301.143
894 301.143
895 301.143
896 301.143
897 301.143
898 301.143
899 301.143
900 301.143
901 301.143
902 301.143
903 301.143
904 301.143
905 301.143
906 301.143
907 301.143
908 301.143
909 301.143
910 301.143
911 301.143
912 301.143
913 301.143
914 301.143
915 301.143
916 301.143
917 301.143
918 301.143
919 301.143
920 301.143
921 301.143
922 301.143
923 301.143
924 301.143
925 301.143
926 301.143
927 301.143
928 301.143
929 301.143
930 301.143
931 301.143
932 301.143
933 301.143
934 301.143
935 301.143
936 301.143
937 301.143
938 301.143
939 301.143
940 301.143
941 301.143
942 301.143
943 301.143
944 301.143
945 301.143
946 301.143
947 301.143
948 301.143
949 301.143
950 301.143
951 301.143
952 301.143
953 301.143
954 301.143
955 301.143
956 301.143
957 301.143
958 301.143
959 301.143
960 301.143
961 301.143
962 301.143
963 301.143
964 301.143
965 301.143
966 301.143
967 301.143
968 301.143
969 301.143
970 301.143
971 301.143
972 301.143
973 301.143
974 301.143
975 301.143
976 301.143
977 301.143
978 301.143
979 301.143
980 301.143
981 301.143
982 301.143
983 301.143
984 301.143
985 301.143
986 301.143
987 301.143
988 301.143
989 301.143
990 301.143
991 301.143
992 301.143
993 301.143
994 301.143
995 301.143
996 301.143
997 301.143
998 301.143
999 301.143
