-0.39798 0.00375902
-0.398044 0.00397557
-0.398006 0.00401491
-0.399298 0.00421449
-0.402541 0.00393963
-0.40212 0.00371392
-0.402897 0.00393627
-0.399647 0.00362059
-0.394812 0.00285679
-0.398061 0.00336315
-0.397699 0.00299095
-0.39266 0.00307229
-0.390252 0.00339387
-0.388898 0.00413063
-0.39095 0.00346429
-0.393283 0.00310138
-0.394161 0.00400708
-0.395204 0.00366498
-0.39592 0.00369407
-0.394355 0.00317711
-0.398738 0.00316198
-0.397061 0.00309722
-0.392096 0.00331913
-0.390859 0.00458309
-0.395252 0.00480505
-0.391787 0.00341486
-0.393953 0.0039426
-0.397324 0.00389873
-0.394897 0.00324544
-0.389547 0.00436251
-0.391876 0.00358705
-0.393551 0.00380219
-0.389445 0.00332334
-0.392586 0.0037832
-0.381517 0.00422838
-0.3819 0.00399102
-0.384112 0.00462546
-0.38652 0.00394083
-0.376067 0.00479243
-0.388751 0.00422919
-0.38632 0.00405178
-0.382655 0.00365522
-0.389392 0.00377807
-0.38343 0.00351159
-0.383781 0.00422217
-0.386665 0.00396129
-0.387322 0.00392319
-0.383609 0.00381973
-0.390174 0.0032052
-0.387393 0.00373449
-0.387251 0.00383446
-0.387461 0.00396623
-0.388736 0.00407059
-0.39252 0.00426348
-0.390839 0.00342578
-0.388638 0.00449383
-0.387528 0.00348828
-0.391822 0.00355266
-0.390171 0.00356191
-0.385026 0.00362281
-0.384737 0.00415158
-0.387238 0.00378181
-0.389341 0.00334128
-0.382337 0.00374045
-0.381951 0.00387055
-0.379678 0.00346402
-0.383282 0.00337053
-0.383076 0.00405292
-0.379481 0.00301911
-0.377853 0.00342412
-0.377275 0.00352524
-0.373367 0.00465034
-0.377251 0.00345026
-0.375692 0.00337407
-0.373735 0.00346355
-0.371777 0.00400954
-0.366734 0.0035808
-0.363191 0.00457239
-0.367933 0.0039956
-0.366906 0.00378022
-0.372814 0.00339062
-0.367715 0.00403586
-0.372001 0.00317992
-0.376514 0.00364729
-0.369598 0.00409168
-0.369031 0.00425268
-0.373458 0.00372238
-0.373204 0.00341785
-0.367304 0.00369006
-0.371751 0.00341555
-0.366425 0.00329714
-0.368329 0.00419048
-0.372728 0.00333671
-0.372289 0.00370881
-0.371206 0.003707
-0.369125 0.00308234
-0.367809 0.00358064
-0.368883 0.00366808
-0.36732 0.00397038
-0.371141 0.00367187
-0.370971 0.00439756
-0.372773 0.0031743
-0.372512 0.00354862
-0.381689 0.00326166
-0.378777 0.00296753
-0.379971 0.00318296
-0.376563 0.00356299
-0.383092 0.00365358
-0.378297 0.00411698
-0.38219 0.00346702
-0.376591 0.00389576
-0.379195 0.00432488
-0.380098 0.0040093
-0.379672 0.00360368
-0.387487 0.00358944
-0.38364 0.00394745
-0.386487 0.00324689
-0.389858 0.00280415
-0.385098 0.00328971
-0.384327 0.00359267
-0.388549 0.00338149
-0.386936 0.00341071
-0.390845 0.00296043
-0.390922 0.00302874
-0.391051 0.00295562
-0.393884 0.00348979
-0.383624 0.00339426
-0.389728 0.00325666
-0.395527 0.00275089
-0.39216 0.00353675
-0.387649 0.00326508
-0.386775 0.00289098
-0.389413 0.00324248
-0.380573 0.00383713
-0.380204 0.0033895
-0.388581 0.00339363
-0.387619 0.00316903
-0.381807 0.00326445
-0.383062 0.00292276
-0.38178 0.00307432
-0.384085 0.003574
-0.385761 0.00319515
-0.381241 0.00360079
-0.376083 0.0031781
-0.37943 0.00316938
-0.380655 0.00327208
-0.380593 0.00326857
-0.377039 0.00323128
-0.381222 0.00367512
-0.38027 0.0032154
-0.379333 0.00350281
-0.377045 0.00390542
-0.379214 0.00331045
-0.37837 0.0037801
-0.37885 0.00367957
-0.3839 0.00404047
-0.382407 0.00402682
-0.384678 0.0034945
-0.376641 0.00356815
-0.37803 0.0036601
-0.382349 0.00339345
-0.378954 0.00324915
-0.378342 0.00396211
-0.377392 0.00345723
-0.376055 0.00378569
-0.377542 0.00355793
-0.377413 0.00326496
-0.372634 0.00349538
-0.375282 0.00372728
-0.375921 0.00360664
-0.377897 0.00353383
-0.372033 0.00345568
-0.372952 0.00359517
-0.373092 0.00329588
-0.373256 0.00376464
-0.373368 0.00335491
-0.376516 0.00303053
-0.373904 0.0035126
-0.37432 0.00292499
-0.372747 0.00430807
-0.373861 0.00478795
-0.372594 0.003628
-0.375579 0.00334333
-0.37999 0.00320489
-0.376359 0.00380752
-0.376688 0.00380422
-0.367249 0.00513035
-0.37113 0.00389887
-0.373553 0.00357656
-0.372712 0.00326413
-0.37462 0.00334606
-0.371069 0.00399574
-0.373571 0.00372762
-0.378661 0.00305312
-0.379007 0.00329893
-0.378269 0.00348387
-0.382238 0.00370963
-0.379273 0.00345334
-0.371549 0.00393964
-0.372882 0.00383177
-0.373373 0.00365085
-0.371727 0.00365822
-0.374306 0.00356446
-0.368277 0.00318555
-0.372557 0.00364143
-0.374029 0.00304491
-0.371126 0.00384
-0.373844 0.0032453
-0.37644 0.0033357
-0.365906 0.00340117
-0.363045 0.00372494
-0.368986 0.00353297
-0.373563 0.00388473
-0.374818 0.00335426
-0.375532 0.00313646
-0.373945 0.00305816
-0.376515 0.00341745
-0.377995 0.00321147
-0.374984 0.00402773
-0.376907 0.00354385
-0.377422 0.00325158
-0.378047 0.00351436
-0.378647 0.00305068
-0.376859 0.00292936
-0.376429 0.00326042
-0.376306 0.00393804
-0.377888 0.00333037
-0.378778 0.00310016
-0.377329 0.00344686
-0.381776 0.00268281
-0.384335 0.00339479
-0.383419 0.00310124
-0.380233 0.0031802
-0.376172 0.00346126
-0.377132 0.00336556
-0.377737 0.00317342
-0.379537 0.00293358
-0.379843 0.00319935
-0.378045 0.00262853
-0.376317 0.00280227
-0.377931 0.00320187
-0.373568 0.0028232
-0.373039 0.00314621
-0.377407 0.00294893
-0.374054 0.0035515
-0.377639 0.00325833
-0.374905 0.00320857
-0.371301 0.00305487
-0.375092 0.00327353
-0.374382 0.00338842
-0.376217 0.00300425
-0.37442 0.00312922
-0.377288 0.00285922
-0.373753 0.00293566
-0.375151 0.00294323
-0.372284 0.00296506
-0.377459 0.00289105
-0.373397 0.00306871
-0.378844 0.00292446
-0.37383 0.00305938
-0.374399 0.00325235
-0.375201 0.00353704
-0.374052 0.00317111
-0.374977 0.00366837
-0.373775 0.00416708
-0.37887 0.00319276
-0.375679 0.00305419
-0.37281 0.00315625
-0.378873 0.00367466
-0.377293 0.00317634
-0.368316 0.00310328
-0.375032 0.00375534
-0.375082 0.00296871
-0.375672 0.00332068
-0.376123 0.00312362
-0.372256 0.00308733
-0.377797 0.00348915
-0.378366 0.0029854
-0.377453 0.00339909
-0.372408 0.0034706
-0.376382 0.00320566
-0.375018 0.00407229
-0.379345 0.00336174
-0.37411 0.0034387
-0.376015 0.00344789
-0.372956 0.0036767
-0.372156 0.00301326
-0.37681 0.00396222
-0.380682 0.00348526
-0.37499 0.00402351
-0.37341 0.00255464
-0.373433 0.00311369
-0.380263 0.00311786
-0.37657 0.00323006
-0.371932 0.00310936
-0.372632 0.00326533
-0.372964 0.00299569
-0.372307 0.0035803
-0.372539 0.00318459
-0.378675 0.00303671
-0.372516 0.00378815
-0.374388 0.00300643
-0.370784 0.00374463
-0.371564 0.0030833
-0.373388 0.00340227
-0.377636 0.00327896
-0.372705 0.0032062
-0.371682 0.00303383
-0.374145 0.00317073
-0.375044 0.00305072
-0.376776 0.00320996
-0.374595 0.00328259
-0.374198 0.00325125
-0.37758 0.00322276
-0.371347 0.00417377
-0.372041 0.00394941
-0.378067 0.00330597
-0.373007 0.00348053
-0.372873 0.00290893
-0.373052 0.00328482
-0.371405 0.0032697
-0.374935 0.00294947
-0.371526 0.00300945
-0.372053 0.0031087
-0.37349 0.00353321
-0.372316 0.00302478
-0.372204 0.00336366
-0.373674 0.0036693
-0.376542 0.00306877
-0.374963 0.00292034
-0.374443 0.00287058
-0.372915 0.00293753
-0.374634 0.00283264
-0.373661 0.00293131
-0.370588 0.00370197
-0.367845 0.00350609
-0.372582 0.002807
-0.371649 0.00282496
-0.375349 0.00294074
-0.37451 0.00285715
-0.374989 0.00299233
-0.374846 0.0032012
-0.372299 0.00319684
-0.379189 0.0032177
-0.373942 0.00330209
-0.372745 0.00319281
-0.374416 0.00325643
-0.377747 0.00305673
-0.382018 0.00298727
-0.375752 0.00305385
-0.381278 0.00290827
-0.379214 0.00307031
-0.380481 0.00280191
-0.380227 0.00260828
-0.374599 0.00319534
-0.375474 0.00298345
-0.375997 0.00298943
-0.372445 0.00281327
-0.370405 0.00369476
-0.378108 0.00290591
-0.374858 0.00353603
-0.374006 0.0031167
-0.378237 0.0026637
-0.374841 0.00328521
-0.37474 0.00336333
-0.376457 0.00308433
-0.379181 0.00302773
-0.38131 0.00277666
-0.380121 0.00315229
-0.375665 0.0032068
-0.378522 0.00409147
-0.377423 0.00392757
-0.375173 0.00393659
-0.378881 0.00298241
-0.376875 0.00341087
-0.376723 0.00329274
-0.373653 0.00329714
-0.377028 0.00319064
-0.382206 0.00300886
-0.377267 0.00325032
-0.372998 0.0032682
-0.376155 0.00330183
-0.376294 0.00334634
-0.373489 0.00427684
-0.385217 0.0034954
-0.383227 0.0035388
-0.380932 0.00304353
-0.382637 0.00339578
-0.385633 0.00300029
-0.37941 0.003833
-0.376569 0.00314961
-0.379759 0.00354554
-0.382007 0.00358675
-0.373603 0.00363063
-0.376758 0.00287694
-0.377591 0.00339999
-0.379666 0.00333393
-0.381418 0.00316805
-0.382033 0.00306607
-0.384714 0.00301781
-0.388368 0.00339602
-0.38434 0.00382244
-0.385307 0.00321474
-0.381444 0.00295121
-0.385173 0.00293927
-0.382424 0.00322363
-0.380233 0.00299538
-0.382486 0.00309425
-0.381322 0.00335423
-0.381154 0.00303865
-0.379246 0.00309282
-0.377193 0.00316242
-0.378615 0.00332812
-0.381509 0.00328754
-0.378227 0.00323827
-0.377564 0.00319733
-0.375862 0.00342668
-0.376698 0.00317849
-0.372245 0.00304468
-0.373359 0.00299427
-0.366173 0.00339293
-0.367843 0.00321407
-0.369356 0.00285781
-0.369008 0.00300494
-0.371043 0.00299776
-0.366375 0.00379098
-0.367712 0.00293504
-0.368633 0.00283812
-0.370369 0.00306091
-0.368305 0.00304308
-0.368675 0.00296938
-0.371467 0.00275768
-0.370986 0.00278796
-0.373225 0.00295212
-0.374266 0.00281633
-0.377493 0.00275267
-0.379692 0.00293778
-0.374461 0.00301884
-0.375306 0.00271861
-0.37342 0.00291197
-0.373676 0.00283818
-0.372788 0.00281522
-0.374343 0.00279511
-0.376515 0.00290636
-0.373652 0.00284984
-0.371527 0.00282019
-0.377552 0.00251389
-0.371866 0.00288142
-0.372622 0.00240691
-0.371682 0.00250706
-0.379227 0.00292085
-0.373712 0.0027227
-0.376499 0.00222391
-0.376538 0.00288299
-0.377613 0.00305283
-0.381778 0.00332769
-0.377229 0.00256794
-0.382159 0.00290819
-0.37874 0.00275449
-0.377938 0.00300332
-0.375318 0.00307286
-0.379788 0.00259895
-0.373151 0.00257376
-0.378762 0.00277874
-0.378705 0.00274348
-0.385884 0.00270593
-0.382063 0.00325525
-0.385065 0.00260642
-0.387631 0.00294712
-0.385157 0.00274841
-0.384522 0.00320959
-0.388999 0.00293423
-0.391736 0.00284885
-0.393123 0.00293105
-0.392141 0.00248251
-0.387664 0.00292225
-0.38663 0.00355967
-0.388857 0.00281231
-0.384777 0.00272729
-0.385336 0.00256537
-0.385632 0.00305283
-0.385384 0.00279171
-0.38883 0.00303624
-0.392211 0.00306509
-0.385304 0.0032397
-0.386776 0.00272428
-0.383224 0.00292406
-0.382372 0.00295245
-0.384102 0.00302033
-0.383504 0.00368822
-0.383176 0.00330243
-0.382895 0.0030097
-0.39124 0.00299943
-0.388549 0.00354597
-0.387149 0.00293552
-0.380426 0.00324717
-0.387295 0.00281239
-0.38762 0.00324391
-0.382748 0.00308556
-0.387547 0.00302723
-0.388161 0.00380439
-0.390634 0.00361259
-0.389058 0.00303886
-0.390913 0.00270911
-0.393273 0.00286608
-0.387545 0.0027078
-0.389319 0.00299345
-0.389539 0.00294592
-0.391258 0.00270975
-0.391724 0.00327144
-0.387564 0.00293536
-0.388133 0.00306615
-0.390289 0.0033876
-0.391575 0.00310649
-0.390803 0.00349268
-0.388809 0.00326331
-0.387206 0.00329139
-0.384922 0.00312983
-0.389839 0.00299325
-0.38742 0.00276082
-0.387981 0.00284709
-0.389136 0.00314483
-0.386497 0.00319702
-0.392542 0.00282989
-0.388873 0.00317347
-0.388399 0.00303245
-0.394743 0.00300861
-0.392364 0.00294201
-0.396398 0.00275822
-0.389292 0.00363156
-0.392616 0.00351231
-0.391118 0.00335995
-0.397823 0.00313125
-0.398787 0.00302018
-0.399187 0.00333172
-0.395575 0.00342975
-0.395996 0.00368946
-0.398837 0.00348429
-0.396891 0.00347742
-0.39815 0.00300007
-0.398613 0.00366721
-0.397648 0.00316973
-0.394989 0.00346266
-0.400724 0.00298319
-0.398863 0.00356283
-0.399834 0.00342494
-0.39935 0.00336504
-0.397071 0.00324038
-0.392344 0.00360033
-0.392591 0.00312578
-0.395273 0.00369214
-0.396198 0.00359679
-0.395525 0.00345663
-0.394104 0.00361018
-0.391046 0.00379393
-0.394525 0.00348845
-0.395841 0.00297418
-0.395883 0.00393283
-0.394973 0.0037264
-0.395263 0.00313785
-0.401848 0.00309494
-0.396762 0.0035025
-0.394753 0.00358969
-0.393355 0.00293084
-0.393254 0.0037453
-0.391979 0.00367184
-0.392018 0.00330152
-0.38919 0.0039435
-0.390141 0.00383093
-0.38619 0.00348142
-0.388324 0.00361548
-0.389273 0.00411058
-0.389339 0.00314347
-0.391293 0.00333303
-0.390345 0.003501
-0.390235 0.0036623
-0.390076 0.00406581
-0.391902 0.00365792
-0.393331 0.00382361
-0.394577 0.0033422
-0.396003 0.00353506
-0.394769 0.00380339
-0.385907 0.00415533
-0.382984 0.00420933
-0.395559 0.00351226
-0.393537 0.00380945
-0.390731 0.00448399
-0.399663 0.00282138
-0.39549 0.00333922
-0.398198 0.00407975
-0.402552 0.00382353
-0.398642 0.00344719
-0.39358 0.00343117
-0.391641 0.00395076
-0.391738 0.00311554
-0.395496 0.00427272
-0.392527 0.00316057
-0.39505 0.00340878
-0.393642 0.00325194
-0.39567 0.00394218
-0.391662 0.00422929
-0.395477 0.00377441
-0.398439 0.00359308
-0.395151 0.00431712
-0.394102 0.00430327
-0.395588 0.00438666
-0.393479 0.00336271
-0.39369 0.00423101
-0.386547 0.00402902
-0.38912 0.00437446
-0.39437 0.00332038
-0.395832 0.0041445
-0.390884 0.00352278
-0.388945 0.00339273
-0.3898 0.00394709
-0.389275 0.00369829
-0.390747 0.00352883
-0.384068 0.00444453
-0.38914 0.00388153
-0.385843 0.00409597
-0.385472 0.00436465
-0.380938 0.00420307
-0.388072 0.00377562
-0.384911 0.00393211
-0.386164 0.00400541
-0.381697 0.00355207
-0.383785 0.00403303
-0.381296 0.00437165
-0.384478 0.00380675
-0.387522 0.00393742
-0.384874 0.00380697
-0.376421 0.00512881
-0.381361 0.00443369
-0.381335 0.00411612
-0.382307 0.00400973
-0.38658 0.00445385
-0.378704 0.00477384
-0.385975 0.00386152
-0.38098 0.00442464
-0.385639 0.00409803
-0.38516 0.00365958
-0.385485 0.00464483
-0.386978 0.00489593
-0.39109 0.00360091
-0.386383 0.004131
-0.383478 0.00407624
-0.384045 0.00396495
-0.389237 0.00401661
-0.39248 0.00353042
-0.386833 0.00389298
-0.383737 0.00425793
-0.386949 0.00374086
-0.388835 0.00395211
-0.386319 0.00414615
-0.387525 0.00372556
-0.39069 0.00370196
-0.392415 0.00311371
-0.392416 0.00342573
-0.38632 0.00474406
-0.387893 0.00404503
-0.392162 0.00418577
-0.391869 0.00332717
-0.391305 0.00406788
-0.393247 0.00357528
-0.385055 0.00480786
-0.382004 0.00446954
-0.384562 0.00430266
-0.38651 0.00416109
-0.381025 0.00523289
-0.384535 0.0045106
-0.383922 0.00408315
-0.386974 0.00427299
-0.38461 0.00443491
-0.383981 0.00485273
-0.377549 0.00533246
-0.382018 0.004851
-0.378897 0.00572386
-0.378374 0.00411681
-0.372665 0.00524293
-0.377581 0.00480198
-0.380485 0.00460042
-0.381032 0.00500606
-0.389661 0.00396017
-0.381243 0.00581109
-0.391415 0.00486718
-0.387749 0.00578636
-0.376862 0.00577359
-0.376926 0.00515036
-0.387177 0.00463733
-0.379687 0.00571159
-0.37552 0.00633413
-0.376425 0.00601233
-0.385998 0.004376
-0.375031 0.00536338
-0.382664 0.00555286
-0.383265 0.00483179
-0.383488 0.00531935
-0.380078 0.00500653
-0.377884 0.0049762
-0.381213 0.00564558
-0.382766 0.00481915
-0.381163 0.00462723
-0.374598 0.00538193
-0.373493 0.00525638
-0.369489 0.0058178
-0.38213 0.00389961
-0.374097 0.0051648
-0.383243 0.00477562
-0.376108 0.00563643
-0.37485 0.00476636
-0.375855 0.00533842
-0.370681 0.00573883
-0.371177 0.005109
-0.36543 0.00628141
-0.381038 0.00530828
-0.375908 0.0046042
-0.376312 0.00513201
-0.370756 0.00567777
-0.374185 0.00521429
-0.377757 0.00541845
-0.376695 0.00435829
-0.378818 0.00458558
-0.379264 0.00508592
-0.380714 0.00440136
-0.385475 0.00479555
-0.380746 0.00448188
-0.391694 0.00444908
-0.3879 0.00403085
-0.388668 0.00472455
-0.390875 0.00401964
-0.388594 0.00459976
-0.38684 0.00546297
-0.38033 0.00523745
-0.381502 0.00522528
-0.374469 0.00588391
-0.38443 0.00468666
-0.374332 0.00552294
-0.374378 0.00542457
-0.369549 0.00669692
-0.374729 0.00510561
-0.376209 0.00413963
-0.376352 0.00543789
-0.374987 0.00545967
-0.375515 0.00437705
-0.367806 0.0050579
-0.376276 0.00502147
-0.370228 0.00523003
-0.366057 0.00609909
-0.361197 0.00553959
-0.362487 0.00623081
-0.369225 0.00589873
-0.364804 0.00545041
-0.364656 0.00476153
-0.362313 0.00573032
-0.359343 0.00618526
-0.362048 0.00465852
-0.367357 0.00486494
-0.369584 0.00406762
-0.371214 0.00482749
-0.361363 0.00626281
-0.365659 0.00571644
-0.367014 0.00490983
-0.369744 0.00492255
-0.366093 0.00532623
-0.364157 0.00499472
-0.355981 0.00584846
-0.358137 0.00599915
-0.350928 0.00611711
-0.347369 0.0074175
-0.352693 0.0063876
-0.350922 0.00650075
-0.352139 0.00558952
-0.354049 0.00569212
-0.361757 0.00597756
-0.351291 0.0061331
-0.351128 0.00589815
-0.344858 0.00727442
-0.345399 0.00670922
-0.351939 0.00593227
-0.339623 0.0072522
-0.344686 0.00692453
-0.349569 0.00693538
-0.343171 0.00673901
-0.343429 0.00653019
-0.335061 0.0063813
-0.336034 0.00785061
-0.342325 0.00698255
-0.335249 0.0078287
-0.334565 0.00843264
-0.336919 0.00742758
-0.340263 0.00720379
-0.334979 0.0066824
-0.338944 0.00718753
-0.338454 0.00593859
-0.334978 0.00771281
-0.329383 0.00782327
-0.330439 0.0073797
-0.331402 0.00865221
-0.340999 0.00792299
-0.334084 0.00813737
-0.337599 0.0079461
-0.327475 0.00893013
-0.344262 0.00649924
-0.32993 0.00834252
-0.336377 0.00713633
-0.348972 0.00734036
-0.342088 0.00658127
-0.335118 0.00797635
-0.333943 0.00781799
-0.327689 0.00755567
-0.335437 0.00808512
-0.337882 0.00785407
-0.328862 0.00834717
-0.33276 0.00769165
-0.337938 0.00895649
-0.322078 0.00831319
-0.330252 0.00757297
-0.329502 0.00701626
-0.331481 0.00834968
-0.32138 0.00815332
-0.327873 0.00926172
-0.335349 0.00652379
-0.327106 0.00779829
-0.333233 0.00680795
-0.321376 0.00752574
-0.317513 0.00895806
-0.310037 0.00877238
-0.320073 0.00874306
-0.306302 0.00790043
-0.320767 0.00804506
-0.324785 0.00715693
-0.315028 0.00822066
-0.32578 0.00694507
-0.321656 0.00790051
-0.308476 0.00842907
-0.304047 0.0108163
-0.323775 0.00820473
-0.3035 0.00923678
-0.297686 0.00849025
-0.304646 0.00908829
-0.312861 0.00791573
-0.313827 0.00840721
-0.312516 0.0103401
-0.295244 0.00997893
-0.307672 0.00885352
-0.313076 0.00922683
-0.323049 0.00843589
-0.309854 0.00926162
-0.300153 0.00850849
-0.309417 0.00883499
-0.325248 0.0073856
-0.313813 0.00898368
-0.313746 0.00981466
-0.319901 0.0094889
-0.32346 0.00862517
-0.320538 0.00912347
-0.322552 0.00815809
-0.318459 0.00872611
-0.318054 0.00737697
-0.31521 0.00812222
-0.317077 0.00859936
-0.324995 0.00950963
-0.327754 0.00807957
-0.332539 0.00723361
-0.326668 0.00905954
-0.331715 0.00631155
-0.323365 0.0085438
-0.331415 0.00700222
-0.324827 0.00738569
-0.319204 0.0086343
-0.335928 0.00800776
-0.320628 0.0095251
-0.318169 0.00853617
-0.328369 0.00697426
-0.318972 0.00753633
-0.334975 0.00822647
-0.322719 0.00874658
-0.321244 0.00852473
-0.333804 0.00747873
-0.31619 0.00781197
-0.320325 0.00706234
-0.321749 0.00867197
-0.320868 0.00869061
-0.312323 0.00924946
-0.317766 0.00841309
-0.310021 0.00793527
-0.319949 0.00869434
-0.306026 0.00837081
-0.302702 0.0101373
-0.311783 0.0085511
-0.31458 0.00885628
-0.302783 0.00949569
-0.308377 0.0072406
-0.293946 0.00974233
-0.309501 0.00733158
-0.307888 0.00800868
-0.308441 0.00824175
-0.297648 0.0090497
-0.308954 0.00761538
-0.303541 0.00847292
-0.287108 0.00973826
-0.294807 0.00979282
-0.29985 0.00804674
-0.307139 0.00940616
-0.283756 0.0094392
-0.291924 0.00834983
-0.304436 0.00806614
-0.299445 0.00816919
-0.293087 0.00869305
-0.281909 0.0106431
-0.298917 0.00838127
-0.28653 0.0101649
-0.268236 0.0111762
-0.291575 0.0107208
-0.273692 0.0117098
-0.293912 0.00840134
-0.292271 0.0107987
-0.294929 0.00938389
-0.279837 0.00898768
-0.283334 0.00887107
-0.293706 0.00910846
-0.289637 0.0090356
-0.296774 0.00915013
-0.288842 0.00838889
-0.285717 0.00969184
-0.280957 0.00994663
-0.29288 0.00995198
-0.27933 0.00900787
-0.277817 0.00914874
-0.270769 0.00988749
-0.271677 0.0111333
-0.275182 0.0105022
-0.277077 0.0106444
-0.264357 0.0117383
-0.276413 0.0107023
-0.296706 0.00952799
-0.301619 0.00764177
-0.297302 0.0086909
-0.300601 0.0090401
-0.302705 0.00915528
-0.296437 0.00919765
-0.303039 0.00887666
-0.298457 0.00883352
-0.289269 0.00936809
-0.302276 0.00920329
-0.301329 0.00978515
-0.313122 0.00945765
-0.321752 0.00923498
-0.305018 0.00787074
-0.318299 0.00761064
-0.323479 0.00889763
-0.316718 0.00938001
-0.31843 0.00919147
-0.309759 0.00852382
-0.318069 0.00790009
-0.322835 0.00880459
-0.319415 0.0089305
-0.317921 0.00804745
-0.315592 0.00950872
-0.319615 0.0082585
-0.308751 0.00983154
-0.32148 0.00711424
-0.326161 0.00720368
-0.325463 0.00658679
-0.316344 0.00857269
-0.323414 0.00751576
-0.310218 0.00909634
-0.322526 0.00735903
-0.313842 0.00772256
-0.32815 0.00831674
-0.320742 0.00813097
-0.331189 0.00713711
-0.324967 0.00728211
-0.332077 0.00758297
-0.33295 0.00617911
-0.326401 0.00699249
-0.312971 0.00816185
-0.323785 0.00638283
-0.325048 0.00697122
-0.321443 0.00806024
-0.332414 0.00597127
-0.317521 0.00804812
-0.330381 0.00708588
-0.318701 0.0077598
-0.31154 0.00822258
-0.304032 0.00827128
-0.317704 0.00712183
-0.313893 0.00724413
-0.303208 0.00871168
-0.314017 0.00798825
-0.313636 0.00669339
-0.296973 0.00935817
-0.311302 0.00808124
-0.303117 0.00897111
-0.308676 0.00814022
-0.305547 0.00745583
-0.301173 0.00823143
-0.301805 0.00895231
-0.315949 0.00704503
-0.311652 0.00829017
