-0.412603 0.00240991
-0.41282 0.0032692
-0.416626 0.00287349
-0.41312 0.00382357
-0.416013 0.0027744
-0.410154 0.00239583
-0.413477 0.00365143
-0.422368 0.0028837
-0.415765 0.00311386
-0.415158 0.00296155
-0.418713 0.00251149
-0.419133 0.00239622
-0.421012 0.00271812
-0.418336 0.00282998
-0.4211 0.00252113
-0.417539 0.00260735
-0.421081 0.00249599
-0.417247 0.00267009
-0.414299 0.00363306
-0.418999 0.00287479
-0.421416 0.00264282
-0.417553 0.00291588
-0.420079 0.00304226
-0.41751 0.00260335
-0.417851 0.002544
-0.413027 0.00351753
-0.416737 0.00291536
-0.418333 0.00260598
-0.417133 0.00270319
-0.410194 0.00254873
-0.41088 0.00282562
-0.409931 0.00261261
-0.407944 0.00298825
-0.410401 0.00303147
-0.413462 0.00243677
-0.411585 0.00288909
-0.409126 0.00291818
-0.40663 0.00289908
-0.407185 0.00276594
-0.409549 0.00233986
-0.415036 0.00266505
-0.408055 0.00246806
-0.402885 0.00326558
-0.39613 0.00354443
-0.400433 0.00367403
-0.398896 0.00369291
-0.39594 0.0033539
-0.40034 0.00352572
-0.40429 0.00347275
-0.399337 0.00319911
-0.401188 0.00311242
-0.398715 0.00384277
-0.404059 0.00304407
-0.409165 0.00294418
-0.400463 0.00362828
-0.399859 0.00279335
-0.397631 0.00368297
-0.396504 0.0028034
-0.395735 0.00328935
-0.3936 0.00333856
-0.393392 0.0029213
-0.398587 0.00307423
-0.393466 0.00296872
-0.403845 0.0029581
-0.407372 0.00257801
-0.404074 0.00254483
-0.408052 0.00234092
-0.40915 0.00257602
-0.406546 0.00275103
-0.4071 0.00288761
-0.404581 0.00236972
-0.408024 0.00261699
-0.403705 0.00250885
-0.404595 0.00280034
-0.404443 0.00309268
-0.40688 0.0024215
-0.403703 0.00288762
-0.404159 0.00309746
-0.39984 0.0029784
-0.405082 0.00321034
-0.402424 0.00240165
-0.401821 0.00328379
-0.404878 0.00287725
-0.403762 0.00255124
-0.396699 0.00258
-0.398558 0.00329484
-0.402921 0.00266789
-0.398652 0.00316852
-0.404729 0.00251506
-0.40543 0.00277118
-0.405827 0.00258756
-0.399875 0.00302977
-0.403358 0.00246224
-0.401788 0.0030384
-0.403719 0.00312581
-0.404384 0.00272122
-0.407321 0.00293068
-0.408293 0.00313363
-0.408704 0.00286465
-0.404156 0.00307626
-0.404759 0.00227727
-0.407322 0.00238422
-0.409765 0.00217514
-0.415864 0.00241879
-0.407446 0.00266223
-0.40555 0.00258116
-0.403248 0.00251348
-0.408272 0.00230521
-0.405721 0.00250598
-0.406917 0.00311978
-0.407833 0.00274098
-0.40549 0.00251881
-0.408165 0.00300573
-0.407691 0.00264245
-0.411098 0.00322064
-0.408846 0.00272093
-0.412408 0.00294408
-0.408082 0.00307998
-0.411188 0.00282637
-0.410856 0.0025816
-0.413063 0.00327696
-0.409915 0.00281225
-0.416158 0.00328738
-0.412626 0.00275251
-0.412653 0.00292978
-0.411107 0.00241143
-0.412115 0.00294139
-0.416179 0.00269151
-0.419643 0.00234703
-0.420124 0.00205978
-0.421295 0.002718
-0.419234 0.00218814
-0.416128 0.00301354
-0.419361 0.00231057
-0.420638 0.0023528
-0.42112 0.00222259
-0.413352 0.00281912
-0.416062 0.00217011
-0.419577 0.00222816
-0.411541 0.00269862
-0.414408 0.00221362
-0.411046 0.00281628
-0.413465 0.00224898
-0.415416 0.00264421
-0.41223 0.00213395
-0.413844 0.00267485
-0.412911 0.00214818
-0.415491 0.00224027
-0.41656 0.00209603
-0.419947 0.00240258
-0.422901 0.00250218
-0.420055 0.00239485
-0.420077 0.00239081
-0.420024 0.00216391
-0.418523 0.00244806
-0.420816 0.0022183
-0.422325 0.00245513
-0.418998 0.0024522
-0.421957 0.00264478
-0.423896 0.00246844
-0.420928 0.00229854
-0.421103 0.00287491
-0.42164 0.00242715
-0.420982 0.0020676
-0.42619 0.00220905
-0.42603 0.00203361
-0.431887 0.00210256
-0.423928 0.00200966
-0.42876 0.00214411
-0.427994 0.00275443
-0.425411 0.00189546
-0.424089 0.00194562
-0.426831 0.00199007
-0.425433 0.00197973
-0.420319 0.00218208
-0.416264 0.00221478
-0.419946 0.00211449
-0.421385 0.00268638
-0.42445 0.00221471
-0.422238 0.00225848
-0.425785 0.00220294
-0.423949 0.00202599
-0.426522 0.00189698
-0.422957 0.00210862
-0.419079 0.00245355
-0.420616 0.00251799
-0.417962 0.00248247
-0.42096 0.00221159
-0.420121 0.00244507
-0.421497 0.00228129
-0.419334 0.00260449
-0.423958 0.00241275
-0.424098 0.00264004
-0.422544 0.00243882
-0.423526 0.00245713
-0.426765 0.00239803
-0.427501 0.00233399
-0.428473 0.00232028
-0.427189 0.00232721
-0.425552 0.00252249
-0.425671 0.00233312
-0.422197 0.00268786
-0.421377 0.00247687
-0.422471 0.00244791
-0.416647 0.00230186
-0.417606 0.0025683
-0.417228 0.00236412
-0.418233 0.00236072
-0.41687 0.0023371
-0.418353 0.00236543
-0.418874 0.00222474
-0.421912 0.00257726
-0.421194 0.00262863
-0.418952 0.00206664
-0.421719 0.0022909
-0.418399 0.00232572
-0.423988 0.00204802
-0.41887 0.00214858
-0.415698 0.00264119
-0.417057 0.00232704
-0.421265 0.00272577
-0.418699 0.00240488
-0.422951 0.00249207
-0.42134 0.00256265
-0.415081 0.00229386
-0.422094 0.00252154
-0.414488 0.00232826
-0.409769 0.00282518
-0.405678 0.00237565
-0.408546 0.00249013
-0.406316 0.00273542
-0.410692 0.00267601
-0.404226 0.00273437
-0.40603 0.00257015
-0.407422 0.00297083
-0.408392 0.00304799
-0.406705 0.00306064
-0.411351 0.00270469
-0.412837 0.00255981
-0.408235 0.00232445
-0.407798 0.00292159
-0.403626 0.00282511
-0.407232 0.00265938
-0.411251 0.00233212
-0.407559 0.0023416
-0.40605 0.00254541
-0.409535 0.00227587
-0.407379 0.00249392
-0.410325 0.00260458
-0.40965 0.00235349
-0.4066 0.00284756
-0.410695 0.0023942
-0.406794 0.00237681
-0.406928 0.00249996
-0.404209 0.00257075
-0.408557 0.00278682
-0.407726 0.00265072
-0.406942 0.00277238
-0.399167 0.00272524
-0.398001 0.00258348
-0.40038 0.00271834
-0.398393 0.00303985
-0.389883 0.00249294
-0.400502 0.00261219
-0.40319 0.00265375
-0.399877 0.00230579
-0.401933 0.00248306
-0.403895 0.00233875
-0.402814 0.0026369
-0.405827 0.00255546
-0.407035 0.00242121
-0.40858 0.00226563
-0.405673 0.00246483
-0.404286 0.00237528
-0.402867 0.00252364
-0.407634 0.00254618
-0.404976 0.00276849
-0.403346 0.00235642
-0.40576 0.00251387
-0.409696 0.00202364
-0.411868 0.00231615
-0.409777 0.00208496
-0.404473 0.00242305
-0.408225 0.00233122
-0.410304 0.00268961
-0.407239 0.0028068
-0.408202 0.00255602
-0.410808 0.00245917
-0.409289 0.00252415
-0.411759 0.00263529
-0.41454 0.00244359
-0.413049 0.00230157
-0.419774 0.00246275
-0.420124 0.00244508
-0.420672 0.0022229
-0.422657 0.00223656
-0.424588 0.00191611
-0.424425 0.00237066
-0.427068 0.0022336
-0.429112 0.00208756
-0.43229 0.00248279
-0.431519 0.00213713
-0.427019 0.00212191
-0.421 0.00224763
-0.422617 0.00230542
-0.424197 0.00217998
-0.42396 0.00231181
-0.428883 0.00220124
-0.430008 0.00236296
-0.429977 0.00220538
-0.431873 0.00217142
-0.429175 0.00218784
-0.432251 0.00183916
-0.430453 0.00218285
-0.428358 0.00221709
-0.427078 0.00226961
-0.425034 0.002563
-0.426375 0.0021763
-0.426314 0.00230275
-0.42255 0.00227593
-0.422785 0.00238349
-0.421458 0.00251544
-0.415929 0.00265423
-0.413167 0.00269845
-0.417153 0.00250554
-0.415312 0.00253691
-0.41594 0.00280815
-0.41663 0.00280177
-0.413095 0.00254004
-0.415215 0.00289207
-0.413541 0.00275524
-0.416525 0.00285823
-0.421889 0.00273188
-0.420391 0.002677
-0.422414 0.00244153
-0.419376 0.00240898
-0.419524 0.00272358
-0.418362 0.00284257
-0.414959 0.00254296
-0.410002 0.00296098
-0.412966 0.00283433
-0.403763 0.0031262
-0.404977 0.00324616
-0.415648 0.0027308
-0.412571 0.00309831
-0.416428 0.00262518
-0.416865 0.0024676
-0.410847 0.00272907
-0.411986 0.00311286
-0.409803 0.00289286
-0.409565 0.00258571
-0.408391 0.00274308
-0.407635 0.00297524
-0.412923 0.00285852
-0.409954 0.00261147
-0.409993 0.00240706
-0.408924 0.00282541
-0.403402 0.00296205
-0.410471 0.00285518
-0.406424 0.00263043
-0.408646 0.00316669
-0.408483 0.00290729
-0.408985 0.00305585
-0.412311 0.00294463
-0.408918 0.00275439
-0.411321 0.00317277
-0.407033 0.00285536
-0.414763 0.00336591
-0.404271 0.00299037
-0.405734 0.0029243
-0.407123 0.00289286
-0.410927 0.00292236
-0.415428 0.00284608
-0.411823 0.00311018
-0.414137 0.00315529
-0.408436 0.00267854
-0.418385 0.00273336
-0.414287 0.00304808
-0.411581 0.00295889
-0.41304 0.00280437
-0.416547 0.00272575
-0.412282 0.00267583
-0.412604 0.00282824
-0.412673 0.00277015
-0.410204 0.00289598
-0.412431 0.00293461
-0.407396 0.00307086
-0.409318 0.00290106
-0.401663 0.00320834
-0.406578 0.00335309
-0.408944 0.00350789
-0.40619 0.00330509
-0.403091 0.00332739
-0.401375 0.00311031
-0.405793 0.00308512
-0.412903 0.0028357
-0.40942 0.00326313
-0.418304 0.00304584
-0.411989 0.00301692
-0.414493 0.00278649
-0.416409 0.00240624
-0.415111 0.00239192
-0.416944 0.00253419
-0.421569 0.00312145
-0.414581 0.00279966
-0.417285 0.00269719
-0.415639 0.00253268
-0.413091 0.00266073
-0.405067 0.00272954
-0.405655 0.00282073
-0.406519 0.00287685
-0.409031 0.00312426
-0.409416 0.00295184
-0.412755 0.00281892
-0.412782 0.00281233
-0.411537 0.00300661
-0.414462 0.00279337
-0.406064 0.00277129
-0.41081 0.00327883
-0.406965 0.00320561
-0.402127 0.00260684
-0.403221 0.00307117
-0.40635 0.00381077
-0.402472 0.00337456
-0.405504 0.00301395
-0.404826 0.00305167
-0.406295 0.00355321
-0.400734 0.00362817
-0.403015 0.00331576
-0.40903 0.00327022
-0.40511 0.00337166
-0.40774 0.00328003
-0.404626 0.00344197
-0.398363 0.0032526
-0.402234 0.00375772
-0.407593 0.00337398
-0.418342 0.00330422
-0.41184 0.00287918
-0.407939 0.00363106
-0.415993 0.00270137
-0.422448 0.00352115
-0.409333 0.00322828
-0.41597 0.00341006
-0.415829 0.00292237
-0.421295 0.00301307
-0.41418 0.00279444
-0.41823 0.00320488
-0.419283 0.00260287
-0.423082 0.00267543
-0.421379 0.00233202
-0.423104 0.00247366
-0.420297 0.00249669
-0.421889 0.00294406
-0.419646 0.00278535
-0.41893 0.00321385
-0.421245 0.00231069
-0.417871 0.0023172
-0.416011 0.00286366
-0.42368 0.00265073
-0.422987 0.00272824
-0.427754 0.00279494
-0.430787 0.00274768
-0.432323 0.00228951
-0.435473 0.002491
-0.432279 0.00251672
-0.43139 0.00267156
-0.439386 0.00263326
-0.425645 0.00252194
-0.428937 0.00254848
-0.437624 0.00253928
-0.436163 0.00214084
-0.434599 0.00220994
-0.435661 0.00227956
-0.433343 0.00204228
-0.434533 0.00222428
-0.436141 0.00262603
-0.436355 0.00213569
-0.436917 0.00235055
-0.436683 0.0025768
-0.438431 0.00193529
-0.434034 0.00221547
-0.434628 0.00230822
-0.432483 0.00205717
-0.437362 0.00250335
-0.434073 0.00183038
-0.437857 0.0022471
-0.436325 0.00200073
-0.43712 0.0020925
-0.434355 0.00212528
-0.435255 0.00200852
-0.437396 0.0021439
-0.436605 0.0020599
-0.439279 0.00226185
-0.444125 0.00204083
-0.439996 0.00215205
-0.435625 0.0024271
-0.435585 0.00221227
-0.435368 0.00208833
-0.438709 0.0018315
-0.437655 0.00222115
-0.437414 0.00194247
-0.433107 0.00220234
-0.437692 0.00220263
-0.438748 0.00209726
-0.438322 0.00196467
-0.440538 0.00210495
-0.438211 0.00235438
-0.43817 0.00199285
-0.435627 0.00226184
-0.436989 0.00223142
-0.435924 0.00216871
-0.437388 0.00232842
-0.435007 0.0021634
-0.433133 0.00232878
-0.434162 0.00245842
-0.436336 0.00219492
-0.43884 0.00199721
-0.439126 0.00221854
-0.437359 0.0023272
-0.435697 0.00255585
-0.437611 0.00207818
-0.437832 0.00203571
-0.4382 0.0025233
-0.439786 0.00200491
-0.438995 0.00212861
-0.438167 0.0022546
-0.438216 0.00245207
-0.442539 0.00258199
-0.439065 0.00206908
-0.441785 0.00215042
-0.444336 0.00200206
-0.441266 0.00228571
-0.436884 0.0028852
-0.43851 0.00197392
-0.441078 0.00222503
-0.441698 0.00208633
-0.441588 0.00247035
-0.441866 0.00193315
-0.438577 0.00221502
-0.441577 0.00214717
-0.444394 0.00185544
-0.442559 0.00192692
-0.442097 0.00171422
-0.442155 0.0022083
-0.442485 0.00232108
-0.439343 0.00231997
-0.439301 0.00259351
-0.445323 0.0023529
-0.442009 0.00209954
-0.440535 0.00305567
-0.439202 0.0020057
-0.436376 0.00226505
-0.436701 0.00279974
-0.438867 0.00216278
-0.434848 0.0024719
-0.437518 0.0022969
-0.433773 0.00288723
-0.435165 0.0025244
-0.435014 0.0025994
-0.436172 0.00224679
-0.428891 0.00272155
-0.433421 0.0026974
-0.429021 0.00291261
-0.428684 0.00276983
-0.428619 0.0030569
-0.426216 0.00288495
-0.427995 0.00268145
-0.43222 0.00245768
-0.430494 0.0022752
-0.427738 0.00248583
-0.425867 0.0025398
-0.424684 0.00282983
-0.425883 0.00258777
-0.42541 0.0026637
-0.423005 0.00271065
-0.422781 0.00279451
-0.416784 0.00283355
-0.419125 0.00293649
-0.42028 0.00277444
-0.417996 0.00309442
-0.421449 0.00357508
-0.419738 0.00299282
-0.423434 0.00290821
-0.42546 0.00254641
-0.418319 0.00280618
-0.417289 0.00324236
-0.417399 0.00323322
-0.415608 0.00283891
-0.412205 0.00315401
-0.41717 0.00348347
-0.416612 0.00322886
-0.420397 0.00287233
-0.4205 0.00270212
-0.42118 0.00277308
-0.423485 0.00295576
-0.424724 0.00279892
-0.424892 0.00309412
-0.422459 0.00278082
-0.420304 0.00283607
-0.424246 0.0027374
-0.422267 0.00271312
-0.424382 0.00233194
-0.421179 0.00270008
-0.41547 0.00301077
-0.417996 0.00281268
-0.41422 0.00339448
-0.413623 0.00289897
-0.417679 0.00284404
-0.417348 0.00286366
-0.415935 0.00302161
-0.418919 0.00289488
-0.418203 0.00321496
-0.416954 0.00274079
-0.418406 0.00315439
-0.420991 0.00277089
-0.417181 0.00303946
-0.41092 0.00325804
-0.416459 0.00350381
-0.41597 0.00328509
-0.419236 0.00273558
-0.418784 0.00306326
-0.413616 0.00285127
-0.417126 0.0026044
-0.411872 0.00311459
-0.414997 0.00343583
-0.411871 0.00278942
-0.410309 0.0027816
-0.409746 0.00377788
-0.40684 0.00436984
-0.41102 0.00359748
-0.410088 0.00318164
-0.410522 0.0029676
-0.404962 0.00333654
-0.408205 0.00289668
-0.410327 0.00307645
-0.410823 0.00288794
-0.407528 0.00322235
-0.401265 0.00403955
-0.41136 0.00296037
-0.410608 0.00341976
-0.414022 0.00323759
-0.419544 0.00269328
-0.414966 0.00304822
-0.415836 0.00347153
-0.416303 0.00332101
-0.41258 0.00371997
-0.409171 0.00484351
-0.414689 0.00356728
-0.409379 0.00349092
-0.417788 0.00329602
-0.408122 0.00386539
-0.420426 0.00261749
-0.420473 0.00281924
-0.418838 0.00290235
-0.423106 0.00326661
-0.420578 0.00302106
-0.418805 0.00330596
-0.418382 0.00327615
-0.423752 0.00235251
-0.42284 0.00264196
-0.425542 0.00314041
-0.421863 0.00266948
-0.424 0.00264699
-0.421066 0.00300082
-0.424429 0.00271387
-0.421652 0.00323159
-0.423162 0.00298295
-0.419938 0.00328766
-0.422404 0.00289286
-0.41837 0.00276766
-0.422186 0.00256406
-0.416801 0.00312879
-0.416665 0.00390175
-0.420648 0.00310959
-0.422424 0.00314177
-0.420225 0.00242669
-0.419078 0.00290727
-0.421448 0.00263637
-0.417232 0.00281342
-0.417523 0.00260554
-0.421183 0.00304564
-0.418016 0.00317948
-0.42008 0.00294236
-0.425171 0.00235259
-0.425951 0.00236914
-0.422412 0.00353671
-0.427382 0.00265251
-0.432857 0.0023906
-0.427772 0.00264911
-0.423968 0.00294451
-0.427395 0.00316917
-0.425901 0.00289549
-0.423854 0.00300515
-0.430852 0.00285108
-0.420547 0.00376992
-0.422829 0.00304143
-0.42364 0.00305727
-0.430454 0.00230774
-0.42746 0.00297242
-0.428349 0.00322371
-0.429256 0.00276704
-0.426305 0.0036239
-0.426505 0.00356957
-0.431429 0.0027732
-0.426374 0.00292004
-0.42773 0.00352079
-0.421488 0.00361274
-0.422814 0.00334562
-0.420793 0.002969
-0.41525 0.00383644
-0.41759 0.00337183
-0.414861 0.00394399
-0.423371 0.00314545
-0.418255 0.00337896
-0.416561 0.00343229
-0.422386 0.00326965
-0.423056 0.0031324
-0.4236 0.00284481
-0.419262 0.00340466
-0.413916 0.00393229
-0.421763 0.00313393
-0.420083 0.00376449
-0.415758 0.00393323
-0.417327 0.00276607
-0.419127 0.00356017
-0.414007 0.00334353
-0.414594 0.00335805
-0.417129 0.00333886
-0.422846 0.00304171
-0.42153 0.00348567
-0.418483 0.00320714
-0.422111 0.0032179
-0.418291 0.00321672
-0.4208 0.00321696
-0.41858 0.00341653
-0.424677 0.00343247
-0.422761 0.00353587
-0.419236 0.00382149
-0.423446 0.0035312
-0.426256 0.00394572
-0.420856 0.00355022
-0.424952 0.00319743
-0.42041 0.00314234
-0.423907 0.00291032
-0.420915 0.0032895
-0.419541 0.00345804
-0.421647 0.00345078
-0.420493 0.00325081
-0.425003 0.00255363
-0.421848 0.00337208
-0.419125 0.00350422
-0.423307 0.00314643
-0.425159 0.00306627
-0.429088 0.00264965
-0.424111 0.00332352
-0.427735 0.00286828
-0.428452 0.00273721
-0.426865 0.00313321
-0.427104 0.00291369
-0.418837 0.00302264
-0.415464 0.00415222
-0.417666 0.0039335
-0.419157 0.00400289
-0.416057 0.00400074
-0.424866 0.00297581
-0.419987 0.00332872
-0.414125 0.00378699
-0.415761 0.00380739
-0.420554 0.00350481
-0.416537 0.00374447
-0.418198 0.00392744
-0.414661 0.00326661
-0.404858 0.00450037
-0.417971 0.00391834
-0.409717 0.00380505
-0.413075 0.00477606
-0.400102 0.00566264
-0.404051 0.00456409
-0.406936 0.00550422
-0.407126 0.00468267
-0.409595 0.00433096
-0.404653 0.00456966
-0.412689 0.00392971
-0.406163 0.00455197
-0.411957 0.0035872
-0.411219 0.00418887
-0.406991 0.00387242
-0.410635 0.00337748
-0.409869 0.00351361
-0.413469 0.00343729
-0.412816 0.00317041
-0.414987 0.00306262
-0.409419 0.00366219
-0.414914 0.00287268
-0.415219 0.00360645
-0.411421 0.00390995
-0.412421 0.00398569
-0.416866 0.00344284
-0.412954 0.00403039
-0.403989 0.00449717
-0.402553 0.0051661
-0.405218 0.00463076
-0.41071 0.00382916
-0.410622 0.00364139
-0.40906 0.00319471
-0.409741 0.0035418
-0.410593 0.00367021
-0.406915 0.00404299
-0.413392 0.00366293
-0.410532 0.00444828
-0.412952 0.00373655
-0.411822 0.00400618
-0.411938 0.00344832
-0.410214 0.0042526
-0.407356 0.0036847
-0.406822 0.00364749
-0.409374 0.00364838
-0.410994 0.00369566
-0.411502 0.00355933
-0.411149 0.00394366
-0.412673 0.00369793
-0.405236 0.00389084
-0.414024 0.00361014
-0.412713 0.0037632
-0.411766 0.0041035
-0.411703 0.00400136
-0.41169 0.00461092
-0.410249 0.00358512
-0.409758 0.00404581
-0.409893 0.00428487
-0.412908 0.00444459
-0.40799 0.00425728
-0.411462 0.00412208
-0.415242 0.00378197
-0.411442 0.00405919
-0.410351 0.00363884
-0.411301 0.00381333
-0.413765 0.00438518
-0.410375 0.00379175
-0.411686 0.00362008
-0.413504 0.00376867
-0.411357 0.00353473
-0.415146 0.0035884
-0.410303 0.00379362
-0.414947 0.00363747
-0.408885 0.00483309
-0.40513 0.0041865
-0.400666 0.00518961
-0.401283 0.00522907
-0.403722 0.0039103
-0.40519 0.00414929
-0.40204 0.00525242
-0.406633 0.00439207
-0.404515 0.00392026
-0.40697 0.00379741
-0.4009 0.00400673
-0.406934 0.00414664
-0.403813 0.00401955
-0.410552 0.00438709
-0.41247 0.00417833
-0.414978 0.00373538
-0.406176 0.00454408
-0.399526 0.00576221
-0.412497 0.00423708
-0.411535 0.00391308
-0.402095 0.00407753
-0.404939 0.00450372
-0.407916 0.00345191
-0.401308 0.00445068
-0.405246 0.00395702
-0.406175 0.0058242
-0.409599 0.00398306
-0.411356 0.00441709
-0.417979 0.00388038
-0.410676 0.00386307
-0.415054 0.00400599
-0.416037 0.00455118
-0.414393 0.00385476
-0.419029 0.0035698
-0.415912 0.00351381
-0.410476 0.00518771
-0.414007 0.00389909
-0.420902 0.00356581
-0.421088 0.00365322
-0.418811 0.00397169
-0.420977 0.00348619
-0.423948 0.00330197
-0.42516 0.00316356
-0.425372 0.00327991
-0.417996 0.00422999
-0.426914 0.00320077
-0.421059 0.00358253
-0.42214 0.00378732
-0.426122 0.00385688
-0.425575 0.00356693
-0.422502 0.00361323
-0.422325 0.00387731
-0.42399 0.00335004
-0.420406 0.00324144
-0.424288 0.0035072
-0.423164 0.00367266
-0.422978 0.00418145
-0.425441 0.00308883
-0.425224 0.00327379
-0.4234 0.00346606
-0.424865 0.00401109
-0.426692 0.00352347
-0.423857 0.00350871
-0.423776 0.00307771
-0.427558 0.00272964
-0.421765 0.00310975
-0.427009 0.00263742
-0.425752 0.00301193
-0.426146 0.00351661
-0.429646 0.00268582
-0.428829 0.0032091
-0.429724 0.00304504
-0.430514 0.00300451
-0.429748 0.00327741
-0.422776 0.00357382
-0.429607 0.00288416
-0.430443 0.00288633
-0.43418 0.00284877
-0.433838 0.00285379
-0.430352 0.00325726
-0.434336 0.00281249
-0.433649 0.00262688
-0.437059 0.0030338
-0.436708 0.00225356
-0.439668 0.00279696
-0.441348 0.00260123
-0.436158 0.00296413
-0.440434 0.00238089
-0.44053 0.00222053
-0.437184 0.00226185
-0.440182 0.00204461
-0.438778 0.0022688
-0.435235 0.00257807
-0.438431 0.00222737
-0.434562 0.0023131
-0.430718 0.0030181
-0.435201 0.00237199
-0.429157 0.00246347
-0.432308 0.00261471
-0.432113 0.00247779
-0.432727 0.00243223
-0.434064 0.00278696
-0.43504 0.00239842
-0.435385 0.00209049
-0.432134 0.0026671
-0.430979 0.0028168
-0.4313 0.00247394
-0.427857 0.00264678
-0.427083 0.00281112
-0.427393 0.00263322
-0.427331 0.00260681
-0.426796 0.00282229
-0.428631 0.00283377
-0.429434 0.00305169
-0.425116 0.00257249
-0.420674 0.00290618
-0.424514 0.00278839
-0.429778 0.00252166
-0.425282 0.00300253
-0.428309 0.00315784
-0.428913 0.00271725
-0.427588 0.00261574
-0.426659 0.00267978
-0.430421 0.00260774
-0.428089 0.00310442
-0.428738 0.00234727
-0.42838 0.0026618
-0.426457 0.00290986
-0.432916 0.00244644
-0.427667 0.00329284
-0.428371 0.0032087
-0.429304 0.002719
-0.42708 0.0034794
-0.427463 0.00274436
-0.428078 0.00294884
-0.425482 0.00275124
-0.42748 0.00273338
-0.430167 0.002609
-0.423525 0.00298329
-0.425096 0.00286518
-0.424775 0.00300568
-0.424768 0.00319183
-0.423663 0.00303599
-0.429637 0.00254823
-0.426321 0.00345211
-0.428951 0.0025701
-0.426466 0.00284844
-0.421883 0.00340855
-0.431106 0.00254517
-0.421466 0.0032441
-0.422247 0.00260014
-0.42309 0.00256501
-0.418183 0.00300949
-0.419834 0.00295732
-0.414893 0.00345385
