0.646292 0.93686
0.643271 0.93242
0.638436 0.934226
0.64232 0.93916
0.644674 0.942038
0.646458 0.940092
0.643524 0.938999
0.639799 0.937947
0.64477 0.942529
0.645709 0.937831
0.649916 0.936427
0.649916 0.939987
0.646637 0.939866
0.641795 0.943227
0.646271 0.943733
0.648322 0.947107
0.648525 0.94723
0.648639 0.949205
0.651197 0.94433
0.653474 0.939808
0.654515 0.94139
0.654615 0.937584
0.654615 0.942074
0.65672 0.944788
0.659022 0.941716
0.656554 0.942926
0.659556 0.939665
0.659556 0.941592
0.657945 0.942561
0.654246 0.941219
0.649783 0.939023
0.646423 0.937517
0.646423 0.94075
0.646423 0.942925
0.642832 0.941921
0.642832 0.941019
0.638595 0.942976
0.639809 0.943521
0.639809 0.947554
0.639809 0.948435
0.639809 0.944922
0.638747 0.946262
0.638747 0.948719
0.637699 0.947201
0.636165 0.944765
0.636165 0.948103
0.633338 0.947287
0.629249 0.943352
0.631388 0.945922
0.631388 0.950604
0.631388 0.946694
0.631842 0.946616
0.631842 0.950089
0.631842 0.946336
0.63348 0.94308
0.633952 0.945716
0.630674 0.941065
0.630674 0.939374
0.632683 0.942079
0.632347 0.939456
0.631063 0.939883
0.633415 0.936619
0.633415 0.939934
0.633415 0.939042
0.633415 0.942725
0.633415 0.941841
0.635355 0.937082
0.632838 0.93601
0.633315 0.933982
0.633315 0.930668
0.629964 0.929263
0.627569 0.931808
0.627569 0.93511
0.624603 0.937207
0.622119 0.932374
0.624188 0.928198
0.619477 0.932388
0.617861 0.928666
0.617056 0.924404
0.612631 0.921184
0.612399 0.917905
0.611733 0.913406
0.611627 0.911688
0.611196 0.910697
0.61414 0.909376
0.615441 0.904454
0.619338 0.907182
0.617289 0.906406
0.613328 0.907577
0.617071 0.910935
0.620505 0.909758
0.615948 0.913089
0.61375 0.909613
0.611367 0.907832
0.61141 0.905429
0.607833 0.903655
0.606048 0.905041
0.605468 0.905759
0.609288 0.900784
0.605983 0.898106
0.608236 0.894156
0.608236 0.893143
0.610123 0.890294
0.613087 0.888178
0.608404 0.88538
0.608728 0.886576
0.607294 0.888757
0.608545 0.889389
0.604158 0.893645
0.605581 0.895423
0.606502 0.898351
0.608096 0.894577
0.612607 0.890855
0.616923 0.895407
0.615464 0.900216
0.615464 0.899514
0.615464 0.899305
0.615464 0.900442
0.615464 0.895921
0.616151 0.893992
0.618801 0.897364
0.618801 0.892836
0.616639 0.888865
0.616639 0.892208
0.621455 0.888504
0.618941 0.891551
0.618941 0.894808
0.619685 0.890651
0.621318 0.887651
0.62508 0.884193
0.627314 0.882619
0.629637 0.881159
0.634599 0.885744
0.637933 0.884002
0.638455 0.882754
0.641394 0.881155
0.641394 0.881883
0.639487 0.876893
0.639487 0.880626
0.639487 0.884495
0.639487 0.880586
0.635151 0.87969
0.634465 0.88329
0.637973 0.88458
0.640588 0.881647
0.640588 0.884619
0.644647 0.887925
0.644647 0.886671
0.647381 0.882451
0.647381 0.883682
0.644324 0.879051
0.645532 0.877085
0.648403 0.872248
0.648403 0.868772
0.648403 0.867647
0.648403 0.86573
0.648403 0.866815
0.650535 0.868551
0.654709 0.866939
0.657134 0.863022
0.65973 0.860713
0.65731 0.85644
0.655119 0.852206
0.657371 0.847558
0.656716 0.847086
0.655355 0.842201
0.655355 0.841555
0.655355 0.842856
0.655355 0.846018
0.655355 0.841948
0.652742 0.846813
0.649965 0.843303
0.654379 0.844875
0.655893 0.840286
0.655893 0.84458
0.651981 0.845714
0.649843 0.842701
0.650395 0.842154
0.653177 0.839362
0.654186 0.840648
0.65483 0.841829
0.658006 0.846413
0.660842 0.842
0.660837 0.841335
0.657057 0.842982
0.658807 0.845944
0.655677 0.846678
0.654184 0.84208
0.652729 0.839729
0.652729 0.835733
0.657536 0.839875
0.65681 0.842152
0.652983 0.839094
0.654098 0.840497
0.650693 0.836055
0.648485 0.831876
0.647882 0.833585
0.646279 0.832959
0.650596 0.833985
0.649235 0.835732
0.649235 0.838664
0.649235 0.835362
0.648705 0.831135
0.652187 0.835515
0.656166 0.837352
0.651435 0.834116
0.651194 0.836077
0.650835 0.839281
0.655119 0.843276
0.656205 0.848158
0.657378 0.845371
0.657378 0.850179
0.657378 0.846229
0.656574 0.85067
0.651778 0.851104
0.651778 0.855955
0.649741 0.852707
0.647043 0.849708
0.650132 0.853979
0.650132 0.850913
0.650132 0.851011
0.649213 0.854226
0.64826 0.856259
0.648696 0.854044
0.648696 0.853412
0.648084 0.852399
0.647205 0.850708
0.643794 0.848781
0.646862 0.843905
0.643617 0.843604
0.639 0.846443
0.642827 0.84725
0.643366 0.847925
0.643366 0.845315
0.642285 0.848651
0.645943 0.84596
0.647502 0.844024
0.643997 0.84846
0.642753 0.84701
0.643464 0.843645
0.638547 0.843859
0.634905 0.840304
0.637531 0.836178
0.635716 0.836946
0.636934 0.838046
0.640212 0.836352
0.642872 0.84103
0.641082 0.838334
0.643117 0.841994
0.645359 0.841179
0.641664 0.837817
0.63961 0.83458
0.64403 0.838527
0.642805 0.838289
0.643428 0.834148
0.641436 0.833156
0.644524 0.831179
0.644524 0.831011
0.641048 0.832297
0.63918 0.828322
0.636071 0.829638
0.636071 0.833993
0.631817 0.833623
0.627474 0.82951
0.63055 0.829419
0.629455 0.8251
0.633421 0.825935
0.629705 0.826368
0.629735 0.823886
0.627045 0.827428
0.629674 0.828584
0.628443 0.831045
0.626793 0.83443
0.63065 0.830742
0.626839 0.833193
0.627269 0.832485
0.629444 0.829934
0.624497 0.83155
0.627826 0.831032
0.624798 0.831195
0.624798 0.834631
0.624798 0.836033
0.624798 0.839327
0.624469 0.837642
0.6231 0.838009
0.626755 0.83367
0.626755 0.828788
0.631031 0.825661
0.631031 0.824838
0.630542 0.829603
0.627913 0.830101
0.627463 0.827026
0.626877 0.827362
0.623038 0.824194
0.622791 0.828353
0.625176 0.829135
0.627045 0.832203
0.623026 0.83401
0.623026 0.838547
0.626143 0.83632
0.623257 0.837407
0.621352 0.832697
0.626065 0.831729
0.628947 0.833376
0.628947 0.831078
0.627915 0.834627
0.632459 0.830944
0.627869 0.831717
0.62998 0.828774
0.6292 0.827026
0.624566 0.823536
0.624566 0.826308
0.629428 0.829993
0.633626 0.834395
0.633626 0.834183
0.633626 0.836198
0.633626 0.837719
0.633626 0.840864
0.631687 0.845365
0.635935 0.845438
0.63511 0.844853
0.637821 0.841452
0.64228 0.838933
0.638785 0.840217
0.64189 0.838281
0.639051 0.836777
0.638496 0.837068
0.643126 0.834381
0.640807 0.833628
0.640877 0.835036
0.638672 0.833504
0.634613 0.835268
0.637714 0.8325
0.637675 0.834761
0.634009 0.837979
0.637721 0.834853
0.640152 0.835881
0.643873 0.840277
0.643873 0.842414
0.640544 0.842593
0.640498 0.837797
0.640498 0.833029
0.640498 0.837901
0.640498 0.835072
0.641442 0.830874
0.638127 0.826997
0.638418 0.831881
0.634408 0.833461
0.639301 0.834417
0.63575 0.829828
0.633165 0.83289
0.634555 0.831176
0.631256 0.831002
0.628715 0.828466
0.63145 0.825095
0.629044 0.824542
0.624354 0.82308
0.624369 0.821577
0.62102 0.816864
0.620941 0.821699
0.620546 0.822184
0.615732 0.81761
0.616732 0.816154
0.620069 0.814723
0.615902 0.817991
0.617059 0.821381
0.617059 0.826089
0.618683 0.827759
0.61595 0.824571
0.617825 0.829553
0.613563 0.833338
0.618061 0.83184
0.617418 0.833421
0.615507 0.831787
0.617607 0.829135
0.621042 0.825411
0.617446 0.823019
0.613951 0.825901
0.613951 0.823501
0.617024 0.819176
0.615048 0.822304
0.619849 0.81934
0.620939 0.823512
0.623624 0.827897
0.627188 0.827033
0.623692 0.823135
0.620142 0.823355
0.62047 0.824189
0.620262 0.82351
0.621936 0.819172
0.626285 0.821826
0.627396 0.820193
0.628496 0.815695
0.628646 0.811152
0.625903 0.812869
0.624753 0.813103
0.62892 0.8097
0.62892 0.810927
0.624071 0.808265
0.625285 0.806441
0.624879 0.809172
0.627345 0.81123
0.626243 0.810851
0.628892 0.815471
0.633054 0.817868
0.632021 0.813032
0.63635 0.808645
0.637277 0.805017
0.640001 0.809401
0.643486 0.812422
0.644903 0.809068
0.641341 0.81378
0.641341 0.810944
0.639849 0.813179
0.63544 0.813674
0.638775 0.809773
0.636371 0.81043
0.632284 0.807683
0.634126 0.808966
0.635523 0.811858
0.636563 0.816636
0.636394 0.820629
0.63457 0.820923
0.631236 0.821094
0.631642 0.82258
0.634844 0.817677
0.631477 0.813135
0.633825 0.808922
0.629399 0.804908
0.633132 0.802646
0.633132 0.806295
0.631081 0.801454
0.62667 0.799916
0.623738 0.801501
0.625414 0.804528
0.624239 0.809378
0.624239 0.811842
0.622125 0.815088
0.62465 0.812153
0.620362 0.809255
0.619144 0.805849
0.614416 0.80262
0.615616 0.799641
0.617642 0.803571
0.617642 0.80581
0.615108 0.803142
0.61172 0.802383
0.606913 0.797672
0.60578 0.799615
0.604855 0.798348
0.603937 0.793839
0.605778 0.797218
0.603432 0.792468
0.606301 0.791661
0.608692 0.786994
0.606621 0.783146
0.610204 0.781704
0.605643 0.778406
0.603544 0.781365
0.605864 0.779807
0.607685 0.778312
0.610633 0.78067
0.608108 0.782243
0.609823 0.786371
0.606954 0.786979
0.603068 0.789419
0.600394 0.786579
0.599614 0.786858
0.60265 0.789183
0.598679 0.791977
0.602306 0.791222
0.601505 0.788177
0.5968 0.789495
0.5968 0.786548
0.594174 0.791181
0.596826 0.793471
0.595558 0.790083
0.595847 0.794139
0.599594 0.792396
0.602032 0.791983
0.604571 0.788535
0.609141 0.790864
0.61155 0.794781
0.61155 0.797429
0.611695 0.798258
0.609146 0.795415
0.607563 0.796779
0.603952 0.79427
0.604716 0.798034
0.600988 0.802818
0.600571 0.798488
0.603132 0.799397
0.603738 0.801158
0.608648 0.79769
0.608098 0.792774
0.603898 0.788092
0.605946 0.792617
0.605946 0.7883
0.608244 0.79035
0.608244 0.794593
0.611846 0.798417
0.616342 0.797012
0.617422 0.800865
0.617422 0.800151
0.613915 0.804761
0.611773 0.801574
0.610465 0.802972
0.612851 0.806495
0.60789 0.805192
0.609394 0.801533
0.613806 0.801766
0.612578 0.801553
0.61391 0.803179
0.616546 0.802573
0.616546 0.801927
0.616546 0.802919
0.618891 0.801037
0.618891 0.799673
0.615446 0.79981
0.612395 0.802966
0.613726 0.800059
0.610004 0.799571
0.612343 0.794843
0.615291 0.794093
0.613911 0.794032
0.616806 0.79511
0.616806 0.794629
0.617858 0.799623
0.617858 0.798375
0.616222 0.793526
0.616222 0.789759
0.616638 0.788394
0.612117 0.787702
0.610859 0.786812
0.606659 0.787697
0.608698 0.790671
0.605614 0.793231
0.60675 0.793029
0.608773 0.791296
0.60758 0.791807
0.60758 0.788644
0.609067 0.79312
0.607984 0.797258
0.610064 0.800775
0.606503 0.803351
0.606559 0.803534
0.604653 0.801795
0.608442 0.799212
0.607812 0.80211
0.612263 0.804739
0.610245 0.804816
0.606638 0.809256
0.60779 0.813803
0.60779 0.808921
0.605826 0.805775
0.606241 0.80389
0.602044 0.79939
0.601699 0.803386
0.597529 0.805308
0.595653 0.803772
0.595653 0.803115
0.595653 0.808022
0.598818 0.808543
0.595859 0.810573
0.594205 0.81516
0.592856 0.820133
0.59577 0.823915
0.599221 0.827806
0.599221 0.828255
0.601768 0.825753
0.602282 0.825159
0.602865 0.826629
0.598782 0.830468
0.596998 0.831772
0.601962 0.828569
0.604412 0.83147
0.601518 0.833676
0.601518 0.833837
0.601463 0.833312
0.605771 0.837308
0.607389 0.834063
0.605668 0.831413
0.605668 0.83582
0.603149 0.837613
0.600271 0.833313
0.601267 0.834266
0.598141 0.837169
0.598141 0.832769
0.597109 0.831377
0.601361 0.827347
0.598802 0.822691
0.600173 0.819915
0.603325 0.824007
0.607818 0.826251
0.606826 0.829724
0.611574 0.825877
0.612677 0.82603
0.613205 0.826844
0.609468 0.825092
0.612417 0.820546
0.610643 0.818693
0.607842 0.822397
0.603591 0.82609
0.603591 0.826779
0.601041 0.83002
0.602276 0.833526
0.599514 0.829924
0.596656 0.827764
0.601482 0.826292
0.601381 0.830439
0.605327 0.833776
0.603127 0.838526
0.607792 0.839789
0.606441 0.835581
0.601778 0.833503
0.603353 0.836907
0.603353 0.837651
0.602003 0.841065
0.602003 0.84292
0.597929 0.838281
0.600556 0.840271
0.598593 0.837836
0.596487 0.833614
0.596487 0.838378
0.596501 0.835404
0.597021 0.831456
0.594446 0.832155
0.597567 0.828365
0.599382 0.830223
0.597648 0.825561
0.594102 0.824774
0.591168 0.820041
0.594597 0.824249
0.598551 0.822748
0.598288 0.818065
0.601356 0.820967
0.603234 0.825393
0.60242 0.824369
0.603949 0.820239
0.605484 0.824413
0.60289 0.828401
0.606086 0.826659
0.603859 0.826614
0.606171 0.825732
0.606559 0.823971
0.602078 0.821962
0.597596 0.824274
0.597596 0.820671
0.594883 0.820562
0.590655 0.817888
0.590074 0.820194
0.587735 0.824249
0.585739 0.822137
0.581728 0.819925
0.581576 0.820711
0.580613 0.820778
0.577919 0.820875
0.580808 0.816527
0.585484 0.812556
0.586724 0.815982
0.584401 0.81715
0.585365 0.814982
0.585365 0.814698
0.58983 0.810847
0.594522 0.814584
0.593632 0.816782
0.595514 0.820444
0.594315 0.820917
0.594315 0.820074
0.594284 0.819233
0.594284 0.8194
0.591851 0.82142
0.592235 0.818765
0.591513 0.816553
0.594743 0.819232
0.592659 0.8148
0.590258 0.814337
0.590923 0.81219
0.593312 0.813485
0.597075 0.814801
0.594705 0.816591
0.597846 0.81684
0.599973 0.813409
0.604468 0.814983
0.599847 0.819237
0.599576 0.819741
0.595469 0.815123
0.596369 0.816186
0.598157 0.820691
0.594553 0.816852
0.594421 0.816846
0.589695 0.813293
0.588234 0.808933
0.583997 0.811438
0.580284 0.808921
0.576785 0.807766
0.581051 0.808945
0.584226 0.80746
0.583381 0.807669
0.588142 0.811417
0.584006 0.807721
0.580005 0.804103
0.58052 0.804618
0.577629 0.809541
0.578588 0.813178
0.582653 0.816598
0.582653 0.817785
0.580085 0.82153
0.580085 0.826437
0.583927 0.830409
0.583659 0.831279
0.583574 0.829457
0.58335 0.829071
0.586733 0.828018
0.585006 0.826238
0.584266 0.829175
0.5863 0.832069
0.589175 0.835101
0.592617 0.831161
0.592617 0.828356
0.592672 0.831362
0.597635 0.831008
0.601737 0.835548
0.601737 0.832522
0.600386 0.829334
0.604157 0.82854
0.601009 0.82625
0.600148 0.827492
0.598701 0.831132
0.602206 0.833605
0.598875 0.834492
0.600279 0.839338
0.59945 0.841102
0.600862 0.839876
0.597398 0.839071
0.600256 0.843324
0.600256 0.8403
0.601108 0.843356
0.604266 0.848047
0.604506 0.848351
0.605498 0.852624
0.610106 0.851638
0.614828 0.856151
0.611122 0.857691
0.608018 0.862061
0.607652 0.860061
0.607652 0.864786
0.607652 0.861569
0.608886 0.857131
0.612804 0.855328
0.616065 0.858763
0.616081 0.856257
0.616081 0.853811
0.616081 0.855051
0.616081 0.851528
0.613342 0.847153
0.610509 0.84455
0.605647 0.843248
0.601809 0.839055
0.597118 0.836782
0.597086 0.837156
0.600845 0.841702
0.60519 0.836768
0.610069 0.839857
0.61479 0.841158
0.610496 0.844863
0.605813 0.847321
0.605813 0.850088
0.605684 0.848918
0.606845 0.845843
0.610887 0.84113
0.614269 0.836408
0.61716 0.841383
0.61716 0.841639
0.61716 0.846149
0.61716 0.841283
0.613639 0.843797
0.618569 0.844325
0.619481 0.84321
0.619645 0.843936
0.619645 0.844166
0.622217 0.841345
0.625501 0.839848
0.625695 0.835611
0.625695 0.834181
0.62081 0.833354
0.618678 0.833766
0.623105 0.832322
0.627957 0.830776
0.629114 0.831888
0.630957 0.829901
0.626637 0.831712
0.626095 0.827438
0.623729 0.829358
0.621423 0.826544
0.616546 0.825955
0.620158 0.821743
0.620158 0.826591
0.620158 0.827288
0.620158 0.832169
0.618391 0.836883
0.617547 0.836812
0.613636 0.836045
0.618302 0.831858
0.618302 0.82835
0.618554 0.824202
0.614753 0.824824
0.610486 0.824606
0.615163 0.829583
0.617315 0.830282
0.612536 0.832153
0.612729 0.829927
0.611902 0.833765
0.614762 0.83687
0.614762 0.832384
0.614762 0.834996
0.611549 0.834797
0.610047 0.83699
0.613315 0.833515
0.613315 0.832907
0.613315 0.828657
0.609956 0.829442
0.606882 0.833995
0.606882 0.83876
0.606882 0.840671
0.605732 0.842677
0.605382 0.843448
0.606037 0.838805
0.602815 0.843533
0.606404 0.843099
0.606404 0.847523
0.606404 0.85198
0.606404 0.856082
0.606404 0.860404
0.60528 0.859934
0.603224 0.861744
0.604629 0.85809
0.605033 0.853342
0.605033 0.851982
0.609929 0.847952
0.609929 0.846234
0.607292 0.842641
0.603776 0.838932
0.60443 0.837458
0.60443 0.835582
0.60443 0.832787
0.605449 0.830066
0.603027 0.82741
0.603027 0.832356
0.6022 0.834616
0.604391 0.833879
0.601796 0.82946
0.602992 0.833678
0.604786 0.829544
0.605606 0.82611
0.605663 0.829069
0.601352 0.825643
0.597835 0.829443
0.59507 0.827454
0.595371 0.825301
0.60031 0.82644
0.60031 0.822064
0.60401 0.820364
0.600321 0.823132
0.599209 0.826747
0.599665 0.825619
0.599375 0.822599
0.594921 0.822326
0.594427 0.819989
0.590949 0.817206
0.593989 0.821503
0.593989 0.822473
0.595447 0.826986
0.599711 0.825038
0.598532 0.820249
0.595827 0.815615
0.595244 0.815154
0.600025 0.816954
0.60447 0.817506
0.603056 0.820509
0.605731 0.823153
0.60935 0.827614
0.611576 0.828194
0.611576 0.832938
0.609888 0.828971
0.607008 0.82651
0.607405 0.828926
0.606268 0.831852
0.610238 0.833905
0.610238 0.835189
0.613456 0.833764
0.612222 0.833429
0.616992 0.829134
0.617724 0.829054
0.6154 0.831497
0.613122 0.836137
0.615739 0.835721
0.614101 0.837515
0.610262 0.838517
0.612835 0.834777
0.608849 0.836767
0.606702 0.833218
0.604378 0.836878
0.603301 0.838418
0.600713 0.836896
0.59898 0.838073
0.59898 0.840774
0.603514 0.839675
0.601544 0.840186
0.600139 0.841574
0.602357 0.845703
0.602781 0.845707
0.605737 0.849585
0.610149 0.847197
0.605248 0.843585
0.607972 0.84035
0.609739 0.83743
0.613888 0.832883
0.615341 0.828286
0.615865 0.826528
0.61122 0.831351
0.607231 0.827659
0.608925 0.826869
0.611969 0.823797
0.615754 0.828656
0.614542 0.82473
0.613584 0.823993
0.61823 0.821038
0.61823 0.823178
0.615479 0.823523
0.619002 0.821297
0.620379 0.824357
0.617579 0.82586
0.614271 0.822026
0.615779 0.826451
0.616177 0.82957
0.612978 0.829467
0.612558 0.825917
0.613166 0.821165
0.613166 0.819719
0.611724 0.818182
0.607296 0.821159
0.607084 0.816911
0.60562 0.820756
0.605916 0.823263
0.605916 0.820763
0.603848 0.817992
0.601325 0.820002
0.597766 0.815252
0.594576 0.810394
0.596728 0.807779
0.598023 0.809546
0.598023 0.809072
0.59432 0.811791
0.593342 0.816153
0.591747 0.818075
0.587952 0.81957
0.587453 0.81491
0.587453 0.817827
0.583283 0.819187
0.578541 0.820208
0.578541 0.822819
0.578541 0.825153
0.578541 0.829645
0.58219 0.827258
0.58295 0.825449
0.58295 0.829647
0.586724 0.830941
0.586724 0.8331
0.589159 0.829806
0.587952 0.825377
0.587952 0.825371
0.583176 0.823706
0.58767 0.823036
0.591798 0.824889
0.590116 0.820382
0.586788 0.817058
0.584459 0.812091
0.588466 0.811687
0.590741 0.807371
0.59392 0.803195
0.596099 0.806935
0.596099 0.809394
0.594883 0.814065
0.594577 0.817019
0.595657 0.819077
0.595876 0.818865
0.59825 0.816815
0.59868 0.813829
0.597629 0.811248
0.597015 0.812519
0.598804 0.815449
0.603085 0.81537
0.603085 0.818677
0.598845 0.815066
0.594612 0.818794
0.593134 0.814644
0.592838 0.813452
0.591025 0.815518
0.588926 0.818245
